K	re1	im1	re2	im2	re3	im3	re4	im4
0	0	0	0	0	-2	1	-2	-1
5.3366e-06	-4.4599e-05	0.0099553	-4.4599e-05	-0.0099553	-2	1	-2	-1
6.9958e-06	-5.8466e-05	0.011398	-5.8466e-05	-0.011398	-2	1	-2	-1
9.1708e-06	-7.6643e-05	0.01305	-7.6643e-05	-0.01305	-2	1	-2	-1
1.2022e-05	-0.00010047	0.014942	-0.00010047	-0.014942	-2	1	-2	-1
1.576e-05	-0.00013171	0.017108	-0.00013171	-0.017108	-2	1	-2	-1
2.066e-05	-0.00017266	0.019587	-0.00017266	-0.019587	-1.9999	1	-1.9999	-1
2.7083e-05	-0.00022634	0.022426	-0.00022634	-0.022426	-1.9999	1	-1.9999	-1
3.5503e-05	-0.00029672	0.025677	-0.00029672	-0.025677	-1.9999	1	-1.9999	-1
4.6541e-05	-0.00038898	0.029398	-0.00038898	-0.029398	-1.9999	1.0001	-1.9999	-1.0001
6.101e-05	-0.00050992	0.033659	-0.00050992	-0.033659	-1.9998	1.0001	-1.9998	-1.0001
7.9979e-05	-0.00066848	0.038537	-0.00066848	-0.038537	-1.9997	1.0001	-1.9997	-1.0001
0.00010484	-0.00087635	0.044122	-0.00087635	-0.044122	-1.9997	1.0001	-1.9997	-1.0001
0.00013744	-0.0011489	0.050516	-0.0011489	-0.050516	-1.9996	1.0002	-1.9996	-1.0002
0.00018017	-0.0015062	0.057836	-0.0015062	-0.057836	-1.9994	1.0002	-1.9994	-1.0002
0.00023619	-0.0019746	0.066216	-0.0019746	-0.066216	-1.9993	1.0003	-1.9993	-1.0003
0.00030962	-0.0025888	0.075809	-0.0025888	-0.075809	-1.999	1.0004	-1.999	-1.0004
0.00040588	-0.0033942	0.086789	-0.0033942	-0.086789	-1.9987	1.0005	-1.9987	-1.0005
0.00053207	-0.0044504	0.099358	-0.0044504	-0.099358	-1.9983	1.0007	-1.9983	-1.0007
0.00069749	-0.0058357	0.11374	-0.0058357	-0.11374	-1.9978	1.0009	-1.9978	-1.0009
0.00091434	-0.0076527	0.13021	-0.0076527	-0.13021	-1.9971	1.0012	-1.9971	-1.0012
0.0011986	-0.010037	0.14904	-0.010037	-0.14904	-1.9962	1.0016	-1.9962	-1.0016
0.0015713	-0.013165	0.17059	-0.013165	-0.17059	-1.995	1.002	-1.995	-1.002
0.0020598	-0.017272	0.19523	-0.017272	-0.19523	-1.9934	1.0027	-1.9934	-1.0027
0.0027002	-0.022666	0.2234	-0.022666	-0.2234	-1.9914	1.0035	-1.9914	-1.0035
0.0035397	-0.029755	0.25559	-0.029755	-0.25559	-1.9887	1.0046	-1.9887	-1.0046
0.0046402	-0.039079	0.29236	-0.039079	-0.29236	-1.985	1.0061	-1.985	-1.0061
0.0060828	-0.051356	0.33431	-0.051356	-0.33431	-1.9803	1.0079	-1.9803	-1.0079
0.007974	-0.067546	0.38212	-0.067546	-0.38212	-1.9739	1.0104	-1.9739	-1.0104
0.010453	-0.08894	0.43654	-0.08894	-0.43654	-1.9654	1.0137	-1.9654	-1.0137
0.013703	-0.11729	0.49836	-0.11729	-0.49836	-1.954	1.018	-1.954	-1.018
0.017963	-0.15503	0.56841	-0.15503	-0.56841	-1.9384	1.0237	-1.9384	-1.0237
0.023548	-0.20557	0.64751	-0.20557	-0.64751	-1.9169	1.0312	-1.9169	-1.0312
0.030869	-0.2739	0.73642	-0.2739	-0.73642	-1.8866	1.0411	-1.8866	-1.0411
0.040467	-0.36782	0.8358	-0.36782	-0.8358	-1.8426	1.0541	-1.8426	-1.0541
0.053048	-0.50087	0.94624	-0.50087	-0.94624	-1.775	1.0709	-1.775	-1.0709
0.069541	-0.70326	1.0699	-0.70326	-1.0699	-1.6583	1.0904	-1.6583	-1.0904
0.080131	-0.86727	1.1466	-0.86727	-1.1466	-1.5494	1.0951	-1.5494	-1.0951
0.085426	-0.97209	1.1938	-0.97209	-1.1938	-1.4721	1.0861	-1.4721	-1.0861
0.086749	-1.0024	1.2092	-1.0024	-1.2092	-1.4487	1.08	-1.4487	-1.08
0.088073	-1.0345	1.2279	-1.0345	-1.2279	-1.4235	1.0706	-1.4235	-1.0706
0.089397	-1.0675	1.2514	-1.0675	-1.2514	-1.3973	1.0562	-1.3973	-1.0562
0.090059	-1.0837	1.2655	-1.0837	-1.2655	-1.3846	1.0467	-1.3846	-1.0467
0.090721	-1.0989	1.2811	-1.0989	-1.2811	-1.3729	1.0356	-1.3729	-1.0356
0.090721	-1.0989	1.2811	-1.0989	-1.2811	-1.3729	1.0356	-1.3729	-1.0356
0.090811	-1.1009	1.2833	-1.1009	-1.2833	-1.3713	1.034	-1.3713	-1.034
0.090811	-1.1009	1.2833	-1.1009	-1.2833	-1.3713	1.034	-1.3713	-1.034
0.090902	-1.1028	1.2856	-1.1028	-1.2856	-1.3698	1.0323	-1.3698	-1.0323
0.090902	-1.1028	1.2856	-1.1028	-1.2856	-1.3698	1.0323	-1.3698	-1.0323
0.091161	-1.1083	1.2922	-1.1083	-1.2922	-1.3657	1.0275	-1.3657	-1.0275
0.092933	-1.1389	1.3395	-1.1389	-1.3395	-1.3444	0.99211	-1.3444	-0.99211
0.093818	-1.1502	1.3629	-1.1502	-1.3629	-1.3376	0.97455	-1.3376	-0.97455
0.094704	-1.1596	1.3856	-1.1596	-1.3856	-1.3328	0.9578	-1.3328	-0.9578
0.098247	-1.1867	1.4664	-1.1867	-1.4664	-1.3242	0.90008	-1.3242	-0.90008
0.10533	-1.2229	1.5956	-1.2229	-1.5956	-1.3248	0.8155	-1.3248	-0.8155
0.1195	-1.283	1.792	-1.283	-1.792	-1.3385	0.70221	-1.3385	-0.70221
0.15666	-1.4406	2.1584	-1.4406	-2.1584	-1.374	0.52176	-1.374	-0.52176
0.20536	-1.6604	2.5032	-1.6604	-2.5032	-1.4075	0.36379	-1.4075	-0.36379
0.26921	-1.9622	2.8401	-1.9622	-2.8401	-1.4377	0.17567	-1.4377	-0.17567
0.29694	-2.0963	2.9595	-2.0963	-2.9595	-1.4478	0.017262	-1.4478	-0.017262
0.29724	-2.0978	2.9607	-2.0978	-2.9607	-1.4479	0	-1.4479	0
0.29754	-2.0992	2.9619	-2.0992	-2.9619	-1.4307	0	-1.4652	0
0.35291	-2.3706	3.1631	-2.3706	-3.1631	-1.2466	0	-1.6824	0
0.46263	-2.9175	3.4495	-2.9175	-3.4495	-1.1567	0	-1.8196	0
0.53455	-3.2801	3.5722	-3.2801	-3.5722	-1.1278	0	-1.8712	0
0.60646	-3.6448	3.651	-3.6448	-3.651	-1.1082	0	-1.9093	0
0.70074	-4.1253	3.6929	-4.1253	-3.6929	-1.0902	0	-1.9469	0
0.79501	-4.6076	3.6677	-4.6076	-3.6677	-1.0775	0	-1.9756	0
0.9186	-5.2418	3.531	-5.2418	-3.531	-1.0654	0	-2.0044	0
0.98039	-5.5596	3.4149	-5.5596	-3.4149	-1.0606	0	-2.0162	0
1.0422	-5.8778	3.2629	-5.8778	-3.2629	-1.0566	0	-2.0266	0
1.1232	-6.2953	3.0001	-6.2953	-3.0001	-1.052	0	-2.0387	0
1.2042	-6.7132	2.6451	-6.7132	-2.6451	-1.0481	0	-2.0492	0
1.2852	-7.1315	2.1531	-7.1315	-2.1531	-1.0447	0	-2.0584	0
1.3257	-7.3407	1.8224	-7.3407	-1.8224	-1.0432	0	-2.0627	0
1.3662	-7.55	1.3848	-7.55	-1.3848	-1.0418	0	-2.0666	0
1.3913	-7.6798	1.0016	-7.6798	-1.0016	-1.041	0	-2.069	0
1.4164	-7.8095	0.2337	-7.8095	-0.2337	-1.0402	0	-2.0713	0
1.4178	-7.8168	0	-7.8168	0	-1.0402	0	-2.0714	0
1.4192	-7.5902	0	-8.0581	0	-1.0401	0	-2.0715	0
1.791	-5.486	0	-14.011	0	-1.0312	0	-2.0982	0
2.3478	-4.9338	0	-20.337	0	-1.0234	0	-2.123	0
3.0777	-4.6479	0	-28.2	0	-1.0176	0	-2.1426	0
54.231	-4.0671	0	-560.73	0	-1.001	0	-2.206	0
Inf	-4.0399	0	Inf	0	-1	0	-2.2101	0
