K	re1	im1	re2	im2	re3	im3	re4	im4
0	-1.1522e-16	0	-2	1	-2	-1	-20.5	0
2.4711	-0.092565	0	-2.0105	1.0935	-2.0105	-1.0935	-20.386	0
2.87	-0.10676	0	-2.0126	1.1086	-2.0126	-1.1086	-20.368	0
3.3334	-0.12297	0	-2.0152	1.126	-2.0152	-1.126	-20.347	0
3.8715	-0.14143	0	-2.0185	1.1461	-2.0185	-1.1461	-20.322	0
4.4965	-0.16238	0	-2.0226	1.1695	-2.0226	-1.1695	-20.292	0
5.2224	-0.18602	0	-2.0277	1.1965	-2.0277	-1.1965	-20.259	0
6.0656	-0.21256	0	-2.0342	1.2278	-2.0342	-1.2278	-20.219	0
7.0448	-0.24214	0	-2.0424	1.2639	-2.0424	-1.2639	-20.173	0
8.1821	-0.27484	0	-2.0529	1.3055	-2.0529	-1.3055	-20.119	0
9.503	-0.31063	0	-2.0663	1.3534	-2.0663	-1.3534	-20.057	0
11.037	-0.34931	0	-2.0836	1.4082	-2.0836	-1.4082	-19.983	0
12.819	-0.39057	0	-2.1059	1.4708	-2.1059	-1.4708	-19.898	0
14.889	-0.43385	0	-2.1345	1.542	-2.1345	-1.542	-19.797	0
17.292	-0.47848	0	-2.1711	1.6223	-2.1711	-1.6223	-19.679	0
20.084	-0.52363	0	-2.2179	1.7124	-2.2179	-1.7124	-19.541	0
23.326	-0.5684	0	-2.2772	1.8127	-2.2772	-1.8127	-19.377	0
27.092	-0.61195	0	-2.352	1.9233	-2.352	-1.9233	-19.184	0
31.466	-0.65352	0	-2.4458	2.0442	-2.4458	-2.0442	-18.955	0
36.546	-0.69252	0	-2.5629	2.175	-2.5629	-2.175	-18.682	0
42.446	-0.72857	0	-2.7087	2.3151	-2.7087	-2.3151	-18.354	0
44.7	-0.7403	0	-2.7669	2.3656	-2.7669	-2.3656	-18.226	0
49.298	-0.76145	0	-2.8901	2.4634	-2.8901	-2.4634	-17.958	0
57.257	-0.79112	0	-3.1168	2.6176	-3.1168	-2.6176	-17.475	0
64.7	-0.81301	0	-3.3452	2.7456	-3.3452	-2.7456	-16.997	0
66.501	-0.81765	0	-3.403	2.7743	-3.403	-2.7743	-16.876	0
77.237	-0.8412	0	-3.7707	2.9273	-3.7707	-2.9273	-16.117	0
89.706	-0.86199	0	-4.2594	3.0644	-4.2594	-3.0644	-15.119	0
102	-0.8778	0	-4.8375	3.1503	-4.8375	-3.1503	-13.947	0
104.19	-0.88025	0	-4.955	3.1594	-4.955	-3.1594	-13.71	0
121.01	-0.89623	0	-6.156	3.1516	-6.156	-3.1516	-11.292	0
130.74	-0.90368	0	-7.5538	3.3338	-7.5538	-3.3338	-8.4888	0
130.74	-0.90368	0	-7.5538	3.3338	-7.5538	-3.3338	-8.4888	0
130.87	-0.90377	0	-7.5778	3.3468	-7.5778	-3.3468	-8.4405	0
130.87	-0.90377	0	-7.5778	3.3468	-7.5778	-3.3468	-8.4405	0
131	-0.90386	0	-7.6017	3.3603	-7.6017	-3.3603	-8.3927	0
131	-0.90386	0	-7.6017	3.3603	-7.6017	-3.3603	-8.3927	0
131.6	-0.90428	0	-7.7073	3.428	-7.7073	-3.428	-8.1811	0
132.2	-0.9047	0	-7.8061	3.5043	-7.8061	-3.5043	-7.983	0
133.39	-0.90552	0	-7.9794	3.6737	-7.9794	-3.6737	-7.6358	0
135.77	-0.90713	0	-8.2361	4.0305	-8.2361	-4.0305	-7.1207	0
138.16	-0.90867	0	-8.4118	4.3711	-8.4118	-4.3711	-6.7677	0
140.54	-0.91017	0	-8.5406	4.6857	-8.5406	-4.6857	-6.5087	0
159.6	-0.92059	0	-9.0088	6.5973	-9.0088	-6.5973	-5.5619	0
163.23	-0.92231	0	-9.0547	6.89	-9.0547	-6.89	-5.4684	0
189.59	-0.93286	0	-9.2617	8.683	-9.2617	-8.683	-5.0438	0
220.19	-0.94201	0	-9.3822	10.345	-9.3822	-10.345	-4.7935	0
232	-0.94491	0	-9.4137	10.914	-9.4137	-10.914	-4.7278	0
255.74	-0.94994	0	-9.4626	11.971	-9.4626	-11.971	-4.6249	0
297.03	-0.9568	0	-9.5201	13.606	-9.5201	-13.606	-4.503	0
344.98	-0.96273	0	-9.5632	15.281	-9.5632	-15.281	-4.4109	0
400	-0.96781	0	-9.5961	16.995	-9.5961	-16.995	-4.3399	0
400.68	-0.96786	0	-9.5965	17.015	-9.5965	-17.015	-4.3392	0
465.36	-0.97229	0	-9.6227	18.827	-9.6227	-18.827	-4.2823	0
540.49	-0.97612	0	-9.6437	20.732	-9.6437	-20.732	-4.2364	0
627.75	-0.97941	0	-9.6608	22.743	-9.6608	-22.743	-4.1989	0
729.09	-0.98226	0	-9.6749	24.874	-9.6749	-24.874	-4.168	0
846.8	-0.98472	0	-9.6865	27.14	-9.6865	-27.14	-4.1423	0
983.5	-0.98683	0	-9.6961	29.553	-9.6961	-29.553	-4.1209	0
1142.3	-0.98866	0	-9.7042	32.128	-9.7042	-32.128	-4.1029	0
1326.7	-0.99023	0	-9.711	34.881	-9.711	-34.881	-4.0878	0
1540.9	-0.99158	0	-9.7167	37.828	-9.7167	-37.828	-4.0749	0
1789.6	-0.99275	0	-9.7216	40.985	-9.7216	-40.985	-4.0641	0
2078.6	-0.99376	0	-9.7257	44.37	-9.7257	-44.37	-4.0548	0
2414.1	-0.99462	0	-9.7292	48.003	-9.7292	-48.003	-4.047	0
2803.9	-0.99537	0	-9.7322	51.905	-9.7322	-51.905	-4.0403	0
3256.5	-0.99601	0	-9.7347	56.096	-9.7347	-56.096	-4.0345	0
3782.2	-0.99657	0	-9.7369	60.602	-9.7369	-60.602	-4.0297	0
1.5069e+06	-0.99999	0	-9.75	1227.5	-9.75	-1227.5	-4.0001	0
Inf	-1	0	Inf	0	Inf	0	-4	0
