t	y
0	0
0.01	0.10035
0.02	0.19364
0.03	0.28026
0.04	0.36057
0.05	0.4349
0.06	0.50361
0.07	0.567
0.08	0.6254
0.09	0.67909
0.1	0.72836
0.11	0.77349
0.12	0.81474
0.13	0.85234
0.14	0.88655
0.15	0.91758
0.16	0.94564
0.17	0.97095
0.18	0.99369
0.19	1.014
0.2	1.0322
0.21	1.0483
0.22	1.0625
0.23	1.0749
0.24	1.0858
0.25	1.0952
0.26	1.1031
0.27	1.1099
0.28	1.1155
0.29	1.1201
0.3	1.1237
0.31	1.1265
0.32	1.1284
0.33	1.1297
0.34	1.1304
0.35	1.1304
0.36	1.13
0.37	1.1291
0.38	1.1279
0.39	1.1262
0.4	1.1243
0.41	1.1221
0.42	1.1197
0.43	1.1171
0.44	1.1143
0.45	1.1114
0.46	1.1084
0.47	1.1053
0.48	1.1022
0.49	1.099
0.5	1.0958
0.51	1.0926
0.52	1.0894
0.53	1.0862
0.54	1.083
0.55	1.0799
0.56	1.0769
0.57	1.0739
0.58	1.0709
0.59	1.068
0.6	1.0652
0.61	1.0625
0.62	1.0599
0.63	1.0573
0.64	1.0548
0.65	1.0524
0.66	1.0501
0.67	1.0479
0.68	1.0458
0.69	1.0437
0.7	1.0418
0.71	1.0399
0.72	1.0381
0.73	1.0364
0.74	1.0347
0.75	1.0332
0.76	1.0317
0.77	1.0303
0.78	1.029
0.79	1.0277
0.8	1.0265
0.81	1.0254
0.82	1.0243
0.83	1.0233
0.84	1.0223
0.85	1.0214
0.86	1.0206
0.87	1.0198
0.88	1.019
0.89	1.0183
0.9	1.0176
0.91	1.017
0.92	1.0165
0.93	1.0159
0.94	1.0154
0.95	1.0149
0.96	1.0145
0.97	1.0141
0.98	1.0137
0.99	1.0133
1	1.013
1.01	1.0127
1.02	1.0124
1.03	1.0122
1.04	1.0119
1.05	1.0117
1.06	1.0115
1.07	1.0113
1.08	1.0111
1.09	1.011
1.1	1.0108
1.11	1.0107
1.12	1.0105
1.13	1.0104
1.14	1.0103
1.15	1.0102
1.16	1.0101
1.17	1.01
1.18	1.0099
1.19	1.0099
1.2	1.0098
1.21	1.0097
1.22	1.0097
1.23	1.0096
1.24	1.0096
1.25	1.0095
1.26	1.0095
1.27	1.0094
1.28	1.0094
1.29	1.0093
1.3	1.0093
1.31	1.0093
1.32	1.0092
1.33	1.0092
1.34	1.0091
1.35	1.0091
1.36	1.0091
1.37	1.009
1.38	1.009
1.39	1.009
1.4	1.0089
1.41	1.0089
1.42	1.0089
1.43	1.0088
1.44	1.0088
1.45	1.0088
1.46	1.0087
1.47	1.0087
1.48	1.0087
1.49	1.0086
1.5	1.0086
1.51	1.0085
1.52	1.0085
1.53	1.0085
1.54	1.0084
1.55	1.0084
1.56	1.0083
1.57	1.0083
1.58	1.0082
1.59	1.0082
1.6	1.0082
1.61	1.0081
1.62	1.0081
1.63	1.008
1.64	1.008
1.65	1.0079
1.66	1.0079
1.67	1.0078
1.68	1.0078
1.69	1.0077
1.7	1.0077
1.71	1.0076
1.72	1.0076
1.73	1.0075
1.74	1.0075
1.75	1.0074
1.76	1.0074
1.77	1.0073
1.78	1.0073
1.79	1.0072
1.8	1.0072
1.81	1.0071
1.82	1.0071
1.83	1.007
1.84	1.007
1.85	1.0069
1.86	1.0069
1.87	1.0068
1.88	1.0068
1.89	1.0067
1.9	1.0067
1.91	1.0066
1.92	1.0066
1.93	1.0065
1.94	1.0065
1.95	1.0064
1.96	1.0064
1.97	1.0063
1.98	1.0063
1.99	1.0062
2	1.0062
2.01	1.0061
2.02	1.0061
2.03	1.006
2.04	1.006
2.05	1.0059
2.06	1.0059
2.07	1.0058
2.08	1.0058
2.09	1.0057
2.1	1.0057
2.11	1.0056
2.12	1.0056
2.13	1.0055
2.14	1.0055
2.15	1.0054
2.16	1.0054
2.17	1.0054
2.18	1.0053
2.19	1.0053
2.2	1.0052
2.21	1.0052
2.22	1.0051
2.23	1.0051
2.24	1.005
2.25	1.005
2.26	1.0049
2.27	1.0049
2.28	1.0049
2.29	1.0048
2.3	1.0048
2.31	1.0047
2.32	1.0047
2.33	1.0046
2.34	1.0046
2.35	1.0046
2.36	1.0045
2.37	1.0045
2.38	1.0044
2.39	1.0044
2.4	1.0044
2.41	1.0043
2.42	1.0043
2.43	1.0042
2.44	1.0042
2.45	1.0042
2.46	1.0041
2.47	1.0041
2.48	1.0041
2.49	1.004
2.5	1.004
2.51	1.0039
2.52	1.0039
2.53	1.0039
2.54	1.0038
2.55	1.0038
2.56	1.0038
2.57	1.0037
2.58	1.0037
2.59	1.0037
2.6	1.0036
2.61	1.0036
2.62	1.0036
2.63	1.0035
2.64	1.0035
2.65	1.0035
2.66	1.0034
2.67	1.0034
2.68	1.0034
2.69	1.0033
2.7	1.0033
2.71	1.0033
2.72	1.0032
2.73	1.0032
2.74	1.0032
2.75	1.0031
2.76	1.0031
2.77	1.0031
2.78	1.0031
2.79	1.003
2.8	1.003
2.81	1.003
2.82	1.0029
2.83	1.0029
2.84	1.0029
2.85	1.0029
2.86	1.0028
2.87	1.0028
2.88	1.0028
2.89	1.0027
2.9	1.0027
2.91	1.0027
2.92	1.0027
2.93	1.0026
2.94	1.0026
2.95	1.0026
2.96	1.0026
2.97	1.0025
2.98	1.0025
2.99	1.0025
3	1.0025
3.01	1.0024
3.02	1.0024
3.03	1.0024
3.04	1.0024
3.05	1.0023
3.06	1.0023
3.07	1.0023
3.08	1.0023
3.09	1.0023
3.1	1.0022
3.11	1.0022
3.12	1.0022
3.13	1.0022
3.14	1.0021
3.15	1.0021
3.16	1.0021
3.17	1.0021
3.18	1.0021
3.19	1.002
3.2	1.002
3.21	1.002
3.22	1.002
3.23	1.002
3.24	1.0019
3.25	1.0019
3.26	1.0019
3.27	1.0019
3.28	1.0019
3.29	1.0018
3.3	1.0018
3.31	1.0018
3.32	1.0018
3.33	1.0018
3.34	1.0018
3.35	1.0017
3.36	1.0017
3.37	1.0017
3.38	1.0017
3.39	1.0017
3.4	1.0017
3.41	1.0016
3.42	1.0016
3.43	1.0016
3.44	1.0016
3.45	1.0016
3.46	1.0016
3.47	1.0015
3.48	1.0015
3.49	1.0015
3.5	1.0015
3.51	1.0015
3.52	1.0015
3.53	1.0015
3.54	1.0014
3.55	1.0014
3.56	1.0014
3.57	1.0014
3.58	1.0014
3.59	1.0014
3.6	1.0014
3.61	1.0013
3.62	1.0013
3.63	1.0013
3.64	1.0013
3.65	1.0013
3.66	1.0013
3.67	1.0013
3.68	1.0012
3.69	1.0012
3.7	1.0012
3.71	1.0012
3.72	1.0012
3.73	1.0012
3.74	1.0012
3.75	1.0012
3.76	1.0011
3.77	1.0011
3.78	1.0011
3.79	1.0011
3.8	1.0011
3.81	1.0011
3.82	1.0011
3.83	1.0011
3.84	1.0011
3.85	1.001
3.86	1.001
3.87	1.001
3.88	1.001
3.89	1.001
3.9	1.001
3.91	1.001
3.92	1.001
3.93	1.001
3.94	1.001
3.95	1.0009
3.96	1.0009
3.97	1.0009
3.98	1.0009
3.99	1.0009
4	1.0009
4.01	1.0009
4.02	1.0009
4.03	1.0009
4.04	1.0009
4.05	1.0009
4.06	1.0008
4.07	1.0008
4.08	1.0008
4.09	1.0008
4.1	1.0008
4.11	1.0008
4.12	1.0008
4.13	1.0008
4.14	1.0008
4.15	1.0008
4.16	1.0008
4.17	1.0008
4.18	1.0007
4.19	1.0007
4.2	1.0007
4.21	1.0007
4.22	1.0007
4.23	1.0007
4.24	1.0007
4.25	1.0007
4.26	1.0007
4.27	1.0007
4.28	1.0007
4.29	1.0007
4.3	1.0007
4.31	1.0007
4.32	1.0006
4.33	1.0006
4.34	1.0006
4.35	1.0006
4.36	1.0006
4.37	1.0006
4.38	1.0006
4.39	1.0006
4.4	1.0006
4.41	1.0006
4.42	1.0006
4.43	1.0006
4.44	1.0006
4.45	1.0006
4.46	1.0006
4.47	1.0006
4.48	1.0005
4.49	1.0005
4.5	1.0005
4.51	1.0005
4.52	1.0005
4.53	1.0005
4.54	1.0005
4.55	1.0005
4.56	1.0005
4.57	1.0005
4.58	1.0005
4.59	1.0005
4.6	1.0005
4.61	1.0005
4.62	1.0005
4.63	1.0005
4.64	1.0005
4.65	1.0005
4.66	1.0005
4.67	1.0004
4.68	1.0004
4.69	1.0004
4.7	1.0004
4.71	1.0004
4.72	1.0004
4.73	1.0004
4.74	1.0004
4.75	1.0004
4.76	1.0004
4.77	1.0004
4.78	1.0004
4.79	1.0004
4.8	1.0004
4.81	1.0004
4.82	1.0004
4.83	1.0004
4.84	1.0004
4.85	1.0004
4.86	1.0004
4.87	1.0004
4.88	1.0004
4.89	1.0004
4.9	1.0004
4.91	1.0003
4.92	1.0003
4.93	1.0003
4.94	1.0003
4.95	1.0003
4.96	1.0003
4.97	1.0003
4.98	1.0003
4.99	1.0003
5	1.0003
5.01	1.0003
5.02	1.0003
5.03	1.0003
5.04	1.0003
5.05	1.0003
5.06	1.0003
5.07	1.0003
5.08	1.0003
5.09	1.0003
5.1	1.0003
5.11	1.0003
5.12	1.0003
5.13	1.0003
5.14	1.0003
5.15	1.0003
5.16	1.0003
5.17	1.0003
5.18	1.0003
5.19	1.0003
5.2	1.0003
5.21	1.0003
5.22	1.0003
5.23	1.0002
5.24	1.0002
5.25	1.0002
5.26	1.0002
5.27	1.0002
5.28	1.0002
5.29	1.0002
5.3	1.0002
5.31	1.0002
5.32	1.0002
5.33	1.0002
5.34	1.0002
5.35	1.0002
5.36	1.0002
5.37	1.0002
5.38	1.0002
5.39	1.0002
5.4	1.0002
5.41	1.0002
5.42	1.0002
5.43	1.0002
5.44	1.0002
5.45	1.0002
5.46	1.0002
5.47	1.0002
5.48	1.0002
5.49	1.0002
5.5	1.0002
5.51	1.0002
5.52	1.0002
5.53	1.0002
5.54	1.0002
5.55	1.0002
5.56	1.0002
5.57	1.0002
5.58	1.0002
5.59	1.0002
5.6	1.0002
5.61	1.0002
5.62	1.0002
5.63	1.0002
5.64	1.0002
5.65	1.0002
5.66	1.0002
5.67	1.0002
5.68	1.0002
5.69	1.0002
5.7	1.0002
5.71	1.0002
5.72	1.0001
5.73	1.0001
5.74	1.0001
5.75	1.0001
5.76	1.0001
5.77	1.0001
5.78	1.0001
5.79	1.0001
5.8	1.0001
5.81	1.0001
5.82	1.0001
5.83	1.0001
5.84	1.0001
5.85	1.0001
5.86	1.0001
5.87	1.0001
5.88	1.0001
5.89	1.0001
5.9	1.0001
5.91	1.0001
5.92	1.0001
5.93	1.0001
5.94	1.0001
5.95	1.0001
5.96	1.0001
5.97	1.0001
5.98	1.0001
5.99	1.0001
6	1.0001
6.01	1.0001
6.02	1.0001
6.03	1.0001
6.04	1.0001
6.05	1.0001
6.06	1.0001
6.07	1.0001
6.08	1.0001
6.09	1.0001
6.1	1.0001
6.11	1.0001
6.12	1.0001
6.13	1.0001
6.14	1.0001
6.15	1.0001
6.16	1.0001
6.17	1.0001
6.18	1.0001
6.19	1.0001
6.2	1.0001
6.21	1.0001
6.22	1.0001
6.23	1.0001
6.24	1.0001
6.25	1.0001
6.26	1.0001
6.27	1.0001
6.28	1.0001
6.29	1.0001
6.3	1.0001
6.31	1.0001
6.32	1.0001
6.33	1.0001
6.34	1.0001
6.35	1.0001
6.36	1.0001
6.37	1.0001
6.38	1.0001
6.39	1.0001
6.4	1.0001
6.41	1.0001
6.42	1.0001
6.43	1.0001
6.44	1.0001
6.45	1.0001
6.46	1.0001
6.47	1.0001
6.48	1.0001
6.49	1.0001
6.5	1.0001
6.51	1.0001
6.52	1.0001
6.53	1.0001
6.54	1.0001
6.55	1.0001
6.56	1.0001
6.57	1.0001
6.58	1.0001
6.59	1.0001
6.6	1.0001
6.61	1.0001
6.62	1.0001
6.63	1.0001
6.64	1.0001
6.65	1.0001
6.66	1.0001
6.67	1.0001
6.68	1.0001
6.69	1.0001
6.7	1.0001
6.71	1.0001
6.72	1.0001
6.73	1.0001
6.74	1.0001
6.75	1.0001
6.76	1
6.77	1
6.78	1
6.79	1
6.8	1
6.81	1
6.82	1
6.83	1
6.84	1
6.85	1
6.86	1
6.87	1
6.88	1
6.89	1
6.9	1
6.91	1
6.92	1
6.93	1
6.94	1
6.95	1
6.96	1
6.97	1
6.98	1
6.99	1
7	1
7.01	1
7.02	1
7.03	1
7.04	1
7.05	1
7.06	1
7.07	1
7.08	1
7.09	1
7.1	1
7.11	1
7.12	1
7.13	1
7.14	1
7.15	1
7.16	1
7.17	1
7.18	1
7.19	1
7.2	1
7.21	1
7.22	1
7.23	1
7.24	1
7.25	1
7.26	1
7.27	1
7.28	1
7.29	1
7.3	1
7.31	1
7.32	1
7.33	1
7.34	1
7.35	1
7.36	1
7.37	1
7.38	1
7.39	1
7.4	1
7.41	1
7.42	1
7.43	1
7.44	1
7.45	1
7.46	1
7.47	1
7.48	1
7.49	1
7.5	1
7.51	1
7.52	1
7.53	1
7.54	1
7.55	1
7.56	1
7.57	1
7.58	1
7.59	1
7.6	1
7.61	1
7.62	1
7.63	1
7.64	1
7.65	1
7.66	1
7.67	1
7.68	1
7.69	1
7.7	1
7.71	1
7.72	1
7.73	1
7.74	1
7.75	1
7.76	1
7.77	1
7.78	1
7.79	1
7.8	1
7.81	1
7.82	1
7.83	1
7.84	1
7.85	1
7.86	1
7.87	1
7.88	1
7.89	1
7.9	1
7.91	1
7.92	1
7.93	1
7.94	1
7.95	1
7.96	1
7.97	1
7.98	1
7.99	1
8	1
8.01	1
8.02	1
8.03	1
8.04	1
8.05	1
8.06	1
8.07	1
8.08	1
8.09	1
8.1	1
8.11	1
8.12	1
8.13	1
8.14	1
8.15	1
8.16	1
8.17	1
8.18	1
8.19	1
8.2	1
8.21	1
8.22	1
8.23	1
8.24	1
8.25	1
8.26	1
8.27	1
8.28	1
8.29	1
8.3	1
8.31	1
8.32	1
8.33	1
8.34	1
8.35	1
8.36	1
8.37	1
8.38	1
8.39	1
8.4	1
8.41	1
8.42	1
8.43	1
8.44	1
8.45	1
8.46	1
8.47	1
8.48	1
8.49	1
8.5	1
8.51	1
8.52	1
8.53	1
8.54	1
8.55	1
8.56	1
8.57	1
8.58	1
8.59	1
8.6	1
8.61	1
8.62	1
8.63	1
8.64	1
8.65	1
8.66	1
8.67	1
8.68	1
8.69	1
8.7	1
8.71	1
8.72	1
8.73	1
8.74	1
8.75	1
8.76	1
8.77	1
8.78	1
8.79	1
8.8	1
8.81	1
8.82	1
8.83	1
8.84	1
8.85	1
8.86	1
8.87	1
8.88	1
8.89	1
8.9	1
8.91	1
8.92	1
8.93	1
8.94	1
8.95	1
8.96	1
8.97	1
8.98	1
8.99	1
9	1
9.01	1
9.02	1
9.03	1
9.04	1
9.05	1
9.06	1
9.07	1
9.08	1
9.09	1
9.1	1
9.11	1
9.12	1
9.13	1
9.14	1
9.15	1
9.16	1
9.17	1
9.18	1
9.19	1
9.2	1
9.21	1
9.22	1
9.23	1
9.24	1
9.25	1
9.26	1
9.27	1
9.28	1
9.29	1
9.3	1
9.31	1
9.32	1
9.33	1
9.34	1
9.35	1
9.36	1
9.37	1
9.38	1
9.39	1
9.4	1
9.41	1
9.42	1
9.43	1
9.44	1
9.45	1
9.46	1
9.47	1
9.48	1
9.49	1
9.5	1
9.51	1
9.52	1
9.53	1
9.54	1
9.55	1
9.56	1
9.57	1
9.58	1
9.59	1
9.6	1
9.61	1
9.62	1
9.63	1
9.64	1
9.65	1
9.66	1
9.67	1
9.68	1
9.69	1
9.7	1
9.71	1
9.72	1
9.73	1
9.74	1
9.75	1
9.76	1
9.77	1
9.78	1
9.79	1
9.8	1
9.81	1
9.82	1
9.83	1
9.84	1
9.85	1
9.86	1
9.87	1
9.88	1
9.89	1
9.9	1
9.91	1
9.92	1
9.93	1
9.94	1
9.95	1
9.96	1
9.97	1
9.98	1
9.99	1
10	1
10.01	1
10.02	1
10.03	1
10.04	1
10.05	1
10.06	1
10.07	1
10.08	1
10.09	1
10.1	1
10.11	1
10.12	1
10.13	1
10.14	1
10.15	1
10.16	1
10.17	1
10.18	1
10.19	1
10.2	1
10.21	1
10.22	1
10.23	1
10.24	1
10.25	1
10.26	1
10.27	1
10.28	1
10.29	1
10.3	1
10.31	1
10.32	1
10.33	1
10.34	1
10.35	1
10.36	1
10.37	1
10.38	1
10.39	1
10.4	1
10.41	1
10.42	1
10.43	1
10.44	1
10.45	1
10.46	1
10.47	1
10.48	1
10.49	1
10.5	1
10.51	1
10.52	1
10.53	1
10.54	1
10.55	1
10.56	1
10.57	1
10.58	1
10.59	1
10.6	1
10.61	1
10.62	1
10.63	1
10.64	1
10.65	1
10.66	1
10.67	1
10.68	1
10.69	1
10.7	1
10.71	1
10.72	1
10.73	1
10.74	1
10.75	1
10.76	1
10.77	1
10.78	1
10.79	1
10.8	1
10.81	1
10.82	1
10.83	1
10.84	1
10.85	1
10.86	1
10.87	1
10.88	1
10.89	1
10.9	1
10.91	1
10.92	1
10.93	1
10.94	1
10.95	1
10.96	1
10.97	1
10.98	1
10.99	1
11	1
11.01	1
11.02	1
11.03	1
11.04	1
11.05	1
11.06	1
11.07	1
11.08	1
11.09	1
11.1	1
11.11	1
11.12	1
11.13	1
11.14	1
11.15	1
11.16	1
11.17	1
11.18	1
11.19	1
11.2	1
11.21	1
11.22	1
11.23	1
11.24	1
11.25	1
11.26	1
11.27	1
11.28	1
11.29	1
11.3	1
11.31	1
11.32	1
11.33	1
11.34	1
11.35	1
11.36	1
11.37	1
11.38	1
11.39	1
11.4	1
11.41	1
11.42	1
11.43	1
11.44	1
11.45	1
11.46	1
11.47	1
11.48	1
11.49	1
11.5	1
11.51	1
11.52	1
11.53	1
11.54	1
11.55	1
11.56	1
11.57	1
11.58	1
11.59	1
11.6	1
11.61	1
11.62	1
11.63	1
11.64	1
11.65	1
11.66	1
11.67	1
11.68	1
11.69	1
11.7	1
11.71	1
11.72	1
11.73	1
11.74	1
11.75	1
11.76	1
11.77	1
11.78	1
11.79	1
11.8	1
11.81	1
11.82	1
11.83	1
11.84	1
11.85	1
11.86	1
11.87	1
11.88	1
11.89	1
11.9	1
11.91	1
11.92	1
11.93	1
11.94	1
11.95	1
11.96	1
11.97	1
11.98	1
11.99	1
12	1
12.01	1
12.02	1
12.03	1
12.04	1
12.05	1
12.06	1
12.07	1
12.08	1
12.09	1
12.1	1
12.11	1
12.12	1
12.13	1
12.14	1
12.15	1
12.16	1
12.17	1
12.18	1
12.19	1
12.2	1
12.21	1
12.22	1
12.23	1
12.24	1
12.25	1
12.26	1
12.27	1
12.28	1
12.29	1
12.3	1
12.31	1
12.32	1
12.33	1
12.34	1
12.35	1
12.36	1
12.37	1
12.38	1
12.39	1
12.4	1
12.41	1
12.42	1
12.43	1
12.44	1
12.45	1
12.46	1
12.47	1
12.48	1
12.49	1
12.5	1
12.51	1
12.52	1
12.53	1
12.54	1
12.55	1
12.56	1
12.57	1
12.58	1
12.59	1
12.6	1
12.61	1
12.62	1
12.63	1
12.64	1
12.65	1
12.66	1
12.67	1
12.68	1
12.69	1
12.7	1
12.71	1
12.72	1
12.73	1
12.74	1
12.75	1
12.76	1
12.77	1
12.78	1
12.79	1
12.8	1
12.81	1
12.82	1
12.83	1
12.84	1
12.85	1
12.86	1
12.87	1
12.88	1
12.89	1
12.9	1
12.91	1
12.92	1
12.93	1
12.94	1
12.95	1
12.96	1
12.97	1
12.98	1
12.99	1
13	1
13.01	1
13.02	1
13.03	1
13.04	1
13.05	1
13.06	1
13.07	1
13.08	1
13.09	1
13.1	1
13.11	1
13.12	1
13.13	1
13.14	1
13.15	1
13.16	1
13.17	1
13.18	1
13.19	1
13.2	1
13.21	1
13.22	1
13.23	1
13.24	1
13.25	1
13.26	1
13.27	1
13.28	1
13.29	1
13.3	1
13.31	1
13.32	1
13.33	1
13.34	1
13.35	1
13.36	1
13.37	1
13.38	1
13.39	1
13.4	1
13.41	1
13.42	1
13.43	1
13.44	1
13.45	1
13.46	1
13.47	1
13.48	1
13.49	1
13.5	1
13.51	1
13.52	1
13.53	1
13.54	1
13.55	1
13.56	1
13.57	1
13.58	1
13.59	1
13.6	1
13.61	1
13.62	1
13.63	1
13.64	1
13.65	1
13.66	1
13.67	1
13.68	1
13.69	1
13.7	1
13.71	1
13.72	1
13.73	1
13.74	1
13.75	1
13.76	1
13.77	1
13.78	1
13.79	1
13.8	1
13.81	1
13.82	1
13.83	1
13.84	1
13.85	1
13.86	1
13.87	1
13.88	1
13.89	1
13.9	1
13.91	1
13.92	1
13.93	1
13.94	1
13.95	1
13.96	1
13.97	1
13.98	1
13.99	1
14	1
14.01	1
14.02	1
14.03	1
14.04	1
14.05	1
14.06	1
14.07	1
14.08	1
14.09	1
14.1	1
14.11	1
14.12	1
14.13	1
14.14	1
14.15	1
14.16	1
14.17	1
14.18	1
14.19	1
14.2	1
14.21	1
14.22	1
14.23	1
14.24	1
14.25	1
14.26	1
14.27	1
14.28	1
14.29	1
14.3	1
14.31	1
14.32	1
14.33	1
14.34	1
14.35	1
14.36	1
14.37	1
14.38	1
14.39	1
14.4	1
14.41	1
14.42	1
14.43	1
14.44	1
14.45	1
14.46	1
14.47	1
14.48	1
14.49	1
14.5	1
14.51	1
14.52	1
14.53	1
14.54	1
14.55	1
14.56	1
14.57	1
14.58	1
14.59	1
14.6	1
14.61	1
14.62	1
14.63	1
14.64	1
14.65	1
14.66	1
14.67	1
14.68	1
14.69	1
14.7	1
14.71	1
14.72	1
14.73	1
14.74	1
14.75	1
14.76	1
14.77	1
14.78	1
14.79	1
14.8	1
14.81	1
14.82	1
14.83	1
14.84	1
14.85	1
14.86	1
14.87	1
14.88	1
14.89	1
14.9	1
14.91	1
14.92	1
14.93	1
14.94	1
14.95	1
14.96	1
14.97	1
14.98	1
14.99	1
15	1
15.01	1
15.02	1
15.03	1
15.04	1
15.05	1
15.06	1
15.07	1
15.08	1
15.09	1
15.1	1
15.11	1
15.12	1
15.13	1
15.14	1
15.15	1
15.16	1
15.17	1
15.18	1
15.19	1
15.2	1
15.21	1
15.22	1
15.23	1
15.24	1
15.25	1
15.26	1
15.27	1
15.28	1
15.29	1
15.3	1
15.31	1
15.32	1
15.33	1
15.34	1
15.35	1
15.36	1
15.37	1
15.38	1
15.39	1
15.4	1
15.41	1
15.42	1
15.43	1
15.44	1
15.45	1
15.46	1
15.47	1
15.48	1
15.49	1
15.5	1
15.51	1
15.52	1
15.53	1
15.54	1
15.55	1
15.56	1
15.57	1
15.58	1
15.59	1
15.6	1
15.61	1
15.62	1
15.63	1
15.64	1
15.65	1
15.66	1
15.67	1
15.68	1
15.69	1
15.7	1
15.71	1
15.72	1
15.73	1
15.74	1
15.75	1
15.76	1
15.77	1
15.78	1
15.79	1
15.8	1
15.81	1
15.82	1
15.83	1
15.84	1
15.85	1
15.86	1
15.87	1
15.88	1
15.89	1
15.9	1
15.91	1
15.92	1
15.93	1
15.94	1
15.95	1
15.96	1
15.97	1
15.98	1
15.99	1
16	1
16.01	1
16.02	1
16.03	1
16.04	1
16.05	1
16.06	1
16.07	1
16.08	1
16.09	1
16.1	1
16.11	1
16.12	1
16.13	1
16.14	1
16.15	1
16.16	1
16.17	1
16.18	1
16.19	1
16.2	1
16.21	1
16.22	1
16.23	1
16.24	1
16.25	1
16.26	1
16.27	1
16.28	1
16.29	1
16.3	1
16.31	1
16.32	1
16.33	1
16.34	1
16.35	1
16.36	1
16.37	1
16.38	1
16.39	1
16.4	1
16.41	1
16.42	1
16.43	1
16.44	1
16.45	1
16.46	1
16.47	1
16.48	1
16.49	1
16.5	1
16.51	1
16.52	1
16.53	1
16.54	1
16.55	1
16.56	1
16.57	1
16.58	1
16.59	1
16.6	1
16.61	1
16.62	1
16.63	1
16.64	1
16.65	1
16.66	1
16.67	1
16.68	1
16.69	1
16.7	1
16.71	1
16.72	1
16.73	1
16.74	1
16.75	1
16.76	1
16.77	1
16.78	1
16.79	1
16.8	1
16.81	1
16.82	1
16.83	1
16.84	1
16.85	1
16.86	1
16.87	1
16.88	1
16.89	1
16.9	1
16.91	1
16.92	1
16.93	1
16.94	1
16.95	1
16.96	1
16.97	1
16.98	1
16.99	1
17	1
17.01	1
17.02	1
17.03	1
17.04	1
17.05	1
17.06	1
17.07	1
17.08	1
17.09	1
17.1	1
17.11	1
17.12	1
17.13	1
17.14	1
17.15	1
17.16	1
17.17	1
17.18	1
17.19	1
17.2	1
17.21	1
17.22	1
17.23	1
17.24	1
17.25	1
17.26	1
17.27	1
17.28	1
17.29	1
17.3	1
17.31	1
17.32	1
17.33	1
17.34	1
17.35	1
17.36	1
17.37	1
17.38	1
17.39	1
17.4	1
17.41	1
17.42	1
17.43	1
17.44	1
17.45	1
17.46	1
17.47	1
17.48	1
17.49	1
17.5	1
17.51	1
17.52	1
17.53	1
17.54	1
17.55	1
17.56	1
17.57	1
17.58	1
17.59	1
17.6	1
17.61	1
17.62	1
17.63	1
17.64	1
17.65	1
17.66	1
17.67	1
17.68	1
17.69	1
17.7	1
17.71	1
17.72	1
17.73	1
17.74	1
17.75	1
17.76	1
17.77	1
17.78	1
17.79	1
17.8	1
17.81	1
17.82	1
17.83	1
17.84	1
17.85	1
17.86	1
17.87	1
17.88	1
17.89	1
17.9	1
17.91	1
17.92	1
17.93	1
17.94	1
17.95	1
17.96	1
17.97	1
17.98	1
17.99	1
18	1
18.01	1
18.02	1
18.03	1
18.04	1
18.05	1
18.06	1
18.07	1
18.08	1
18.09	1
18.1	1
18.11	1
18.12	1
18.13	1
18.14	1
18.15	1
18.16	1
18.17	1
18.18	1
18.19	1
18.2	1
18.21	1
18.22	1
18.23	1
18.24	1
18.25	1
18.26	1
18.27	1
18.28	1
18.29	1
18.3	1
18.31	1
18.32	1
18.33	1
18.34	1
18.35	1
18.36	1
18.37	1
18.38	1
18.39	1
18.4	1
18.41	1
18.42	1
18.43	1
18.44	1
18.45	1
18.46	1
18.47	1
18.48	1
18.49	1
18.5	1
18.51	1
18.52	1
18.53	1
18.54	1
18.55	1
18.56	1
18.57	1
18.58	1
18.59	1
18.6	1
18.61	1
18.62	1
18.63	1
18.64	1
18.65	1
18.66	1
18.67	1
18.68	1
18.69	1
18.7	1
18.71	1
18.72	1
18.73	1
18.74	1
18.75	1
18.76	1
18.77	1
18.78	1
18.79	1
18.8	1
18.81	1
18.82	1
18.83	1
18.84	1
18.85	1
18.86	1
18.87	1
18.88	1
18.89	1
18.9	1
18.91	1
18.92	1
18.93	1
18.94	1
18.95	1
18.96	1
18.97	1
18.98	1
18.99	1
19	1
19.01	1
19.02	1
19.03	1
19.04	1
19.05	1
19.06	1
19.07	1
19.08	1
19.09	1
19.1	1
19.11	1
19.12	1
19.13	1
19.14	1
19.15	1
19.16	1
19.17	1
19.18	1
19.19	1
19.2	1
19.21	1
19.22	1
19.23	1
19.24	1
19.25	1
19.26	1
19.27	1
19.28	1
19.29	1
19.3	1
19.31	1
19.32	1
19.33	1
19.34	1
19.35	1
19.36	1
19.37	1
19.38	1
19.39	1
19.4	1
19.41	1
19.42	1
19.43	1
19.44	1
19.45	1
19.46	1
19.47	1
19.48	1
19.49	1
19.5	1
19.51	1
19.52	1
19.53	1
19.54	1
19.55	1
19.56	1
19.57	1
19.58	1
19.59	1
19.6	1
19.61	1
19.62	1
19.63	1
19.64	1
19.65	1
19.66	1
19.67	1
19.68	1
19.69	1
19.7	1
19.71	1
19.72	1
19.73	1
19.74	1
19.75	1
19.76	1
19.77	1
19.78	1
19.79	1
19.8	1
19.81	1
19.82	1
19.83	1
19.84	1
19.85	1
19.86	1
19.87	1
19.88	1
19.89	1
19.9	1
19.91	1
19.92	1
19.93	1
19.94	1
19.95	1
19.96	1
19.97	1
19.98	1
19.99	1
20	1
