t	y1.0	y44.7	y64.7	y102.0	y159.6	y232.0	y400.0
0	0	0	0	0	0	0	0
0.01	4.6908e-05	0.002096	0.0030333	0.0047806	0.0074767	0.010862	0.018702
0.02	0.00017642	0.007875	0.011391	0.017936	0.028013	0.040625	0.069661
0.03	0.00037406	0.016668	0.024091	0.037878	0.059023	0.08535	0.14538
0.04	0.00062798	0.027916	0.040305	0.063243	0.098239	0.1415	0.23882
0.05	0.00092846	0.041152	0.059333	0.092864	0.14368	0.20593	0.34357
0.06	0.0012676	0.055983	0.080587	0.12575	0.19365	0.2759	0.45393
0.07	0.0016388	0.072084	0.10357	0.16104	0.24666	0.34901	0.56503
0.08	0.0020368	0.089179	0.12786	0.19803	0.30145	0.42326	0.67282
0.09	0.0024571	0.10704	0.15311	0.2361	0.35698	0.49693	0.77408
0.1	0.0028962	0.12547	0.17902	0.27475	0.41236	0.56865	0.86637
0.11	0.0033511	0.14432	0.20535	0.31354	0.46685	0.6373	0.94799
0.12	0.0038192	0.16344	0.23188	0.35213	0.51985	0.70204	1.0179
0.13	0.0042986	0.18273	0.25845	0.39021	0.57091	0.76222	1.0757
0.14	0.0047875	0.20209	0.2849	0.42755	0.61966	0.81742	1.1215
0.15	0.0052846	0.22144	0.31113	0.46395	0.66581	0.86739	1.1556
0.16	0.0057886	0.24071	0.33702	0.49926	0.70919	0.91199	1.179
0.17	0.0062987	0.25985	0.3625	0.53337	0.74966	0.95125	1.1925
0.18	0.0068138	0.27882	0.38751	0.56617	0.78716	0.98529	1.1975
0.19	0.0073334	0.29758	0.41198	0.59761	0.82167	1.0143	1.1951
0.2	0.0078567	0.31608	0.43588	0.62763	0.85323	1.0385	1.1868
0.21	0.0083834	0.33432	0.45917	0.65623	0.88188	1.0583	1.1737
0.22	0.008913	0.35226	0.48183	0.68337	0.90772	1.0739	1.1572
0.23	0.009445	0.36989	0.50384	0.70907	0.93085	1.0858	1.1383
0.24	0.0099792	0.38719	0.52518	0.73334	0.95141	1.0943	1.1181
0.25	0.010515	0.40416	0.54585	0.7562	0.96951	1.0998	1.0975
0.26	0.011053	0.42078	0.56583	0.77768	0.98532	1.1026	1.0772
0.27	0.011592	0.43704	0.58514	0.7978	0.99898	1.1032	1.0579
0.28	0.012132	0.45295	0.60377	0.81662	1.0106	1.1019	1.0399
0.29	0.012673	0.46849	0.62173	0.83417	1.0205	1.099	1.0238
0.3	0.013215	0.48368	0.63902	0.85049	1.0286	1.0947	1.0096
0.31	0.013757	0.49849	0.65566	0.86565	1.0352	1.0894	0.9975
0.32	0.0143	0.51294	0.67164	0.87967	1.0404	1.0833	0.98754
0.33	0.014843	0.52703	0.68699	0.89262	1.0443	1.0767	0.97966
0.34	0.015387	0.54075	0.70171	0.90455	1.0471	1.0697	0.97373
0.35	0.01593	0.55411	0.71582	0.91549	1.0489	1.0625	0.96962
0.36	0.016474	0.56712	0.72933	0.92551	1.0498	1.0553	0.96711
0.37	0.017017	0.57976	0.74225	0.93466	1.05	1.0481	0.966
0.38	0.017561	0.59206	0.75461	0.94297	1.0495	1.0411	0.96607
0.39	0.018104	0.60401	0.76641	0.9505	1.0483	1.0344	0.96708
0.4	0.018646	0.61562	0.77766	0.95729	1.0467	1.028	0.96883
0.41	0.019188	0.62688	0.7884	0.9634	1.0447	1.0219	0.97111
0.42	0.01973	0.63782	0.79862	0.96885	1.0424	1.0163	0.97374
0.43	0.020271	0.64842	0.80835	0.97369	1.0398	1.0111	0.97655
0.44	0.020811	0.65871	0.8176	0.97797	1.0369	1.0063	0.97939
0.45	0.021351	0.66867	0.82638	0.98171	1.0339	1.002	0.98216
0.46	0.02189	0.67832	0.83472	0.98497	1.0308	0.99813	0.98476
0.47	0.022428	0.68767	0.84262	0.98777	1.0276	0.99467	0.98712
0.48	0.022965	0.69671	0.85011	0.99014	1.0244	0.99161	0.98919
0.49	0.023501	0.70546	0.85719	0.99212	1.0212	0.98894	0.99094
0.5	0.024036	0.71392	0.86388	0.99375	1.018	0.98662	0.99236
0.51	0.02457	0.7221	0.8702	0.99504	1.0148	0.98464	0.99344
0.52	0.025103	0.73	0.87616	0.99602	1.0117	0.98296	0.99421
0.53	0.025634	0.73764	0.88177	0.99673	1.0087	0.98155	0.99468
0.54	0.026165	0.745	0.88705	0.99719	1.0058	0.9804	0.99489
0.55	0.026694	0.75211	0.89201	0.99741	1.003	0.97946	0.99486
0.56	0.027222	0.75897	0.89667	0.99743	1.0003	0.97872	0.99464
0.57	0.027748	0.76558	0.90103	0.99725	0.99772	0.97815	0.99426
0.58	0.028274	0.77195	0.90511	0.99691	0.99527	0.97773	0.99375
0.59	0.028798	0.77808	0.90892	0.99642	0.99295	0.97744	0.99316
0.6	0.02932	0.78399	0.91247	0.99579	0.99076	0.97724	0.99251
0.61	0.029841	0.78968	0.91578	0.99505	0.9887	0.97714	0.99184
0.62	0.030361	0.79515	0.91886	0.9942	0.98676	0.9771	0.99116
0.63	0.030879	0.80041	0.92171	0.99326	0.98496	0.97713	0.9905
0.64	0.031396	0.80547	0.92435	0.99225	0.98327	0.97719	0.98988
0.65	0.031911	0.81032	0.92679	0.99117	0.98171	0.97729	0.98931
0.66	0.032425	0.81499	0.92903	0.99004	0.98026	0.97741	0.98879
0.67	0.032937	0.81947	0.9311	0.98886	0.97892	0.97754	0.98834
0.68	0.033447	0.82376	0.93298	0.98764	0.97769	0.97769	0.98796
0.69	0.033956	0.82788	0.93471	0.9864	0.97656	0.97783	0.98765
0.7	0.034463	0.83183	0.93628	0.98515	0.97553	0.97798	0.9874
0.71	0.034969	0.83562	0.93771	0.98388	0.97459	0.97812	0.98721
0.72	0.035473	0.83924	0.93899	0.9826	0.97374	0.97825	0.98708
0.73	0.035975	0.84271	0.94015	0.98133	0.97298	0.97838	0.98701
0.74	0.036476	0.84603	0.94118	0.98006	0.97229	0.97849	0.98698
0.75	0.036975	0.84921	0.9421	0.97881	0.97167	0.9786	0.98699
0.76	0.037473	0.85224	0.9429	0.97757	0.97112	0.97869	0.98703
0.77	0.037969	0.85514	0.94361	0.97635	0.97064	0.97878	0.98709
0.78	0.038463	0.85791	0.94422	0.97516	0.97021	0.97885	0.98717
0.79	0.038955	0.86056	0.94474	0.97399	0.96984	0.97892	0.98727
0.8	0.039446	0.86308	0.94518	0.97285	0.96952	0.97898	0.98738
0.81	0.039935	0.86549	0.94555	0.97174	0.96925	0.97903	0.98749
0.82	0.040423	0.86778	0.94584	0.97066	0.96902	0.97907	0.9876
0.83	0.040908	0.86997	0.94606	0.96962	0.96883	0.97912	0.98771
0.84	0.041392	0.87205	0.94623	0.96862	0.96868	0.97916	0.98782
0.85	0.041875	0.87404	0.94634	0.96765	0.96856	0.97919	0.98792
0.86	0.042356	0.87592	0.94639	0.96672	0.96848	0.97923	0.98802
0.87	0.042835	0.87772	0.9464	0.96583	0.96842	0.97927	0.9881
0.88	0.043312	0.87942	0.94636	0.96499	0.96839	0.97931	0.98818
0.89	0.043788	0.88105	0.94629	0.96418	0.96839	0.97935	0.98826
0.9	0.044262	0.88259	0.94618	0.96341	0.9684	0.97939	0.98832
0.91	0.044734	0.88405	0.94604	0.96268	0.96844	0.97943	0.98838
0.92	0.045205	0.88544	0.94587	0.96199	0.96849	0.97948	0.98844
0.93	0.045674	0.88676	0.94568	0.96135	0.96856	0.97954	0.98849
0.94	0.046142	0.88801	0.94546	0.96074	0.96865	0.97959	0.98854
0.95	0.046608	0.88919	0.94522	0.96017	0.96875	0.97966	0.98859
0.96	0.047072	0.89032	0.94497	0.95964	0.96886	0.97972	0.98864
0.97	0.047534	0.89138	0.94471	0.95915	0.96898	0.9798	0.98868
0.98	0.047996	0.89239	0.94443	0.95869	0.96911	0.97987	0.98873
0.99	0.048455	0.89335	0.94414	0.95827	0.96925	0.97995	0.98878
1	0.048913	0.89425	0.94385	0.95789	0.9694	0.98004	0.98883
1.01	0.049369	0.89511	0.94355	0.95754	0.96956	0.98013	0.98888
1.02	0.049824	0.89592	0.94325	0.95723	0.96972	0.98022	0.98893
1.03	0.050277	0.89669	0.94294	0.95695	0.96989	0.98032	0.98899
1.04	0.050729	0.89742	0.94264	0.9567	0.97006	0.98043	0.98904
1.05	0.051179	0.8981	0.94234	0.95648	0.97024	0.98053	0.98911
1.06	0.051627	0.89876	0.94204	0.95629	0.97042	0.98064	0.98917
1.07	0.052074	0.89937	0.94175	0.95613	0.97061	0.98076	0.98924
1.08	0.05252	0.89996	0.94146	0.95599	0.97079	0.98087	0.9893
1.09	0.052964	0.90052	0.94118	0.95589	0.97099	0.98099	0.98937
1.1	0.053407	0.90104	0.94091	0.95581	0.97118	0.98111	0.98945
1.11	0.053848	0.90154	0.94064	0.95575	0.97138	0.98124	0.98952
1.12	0.054288	0.90202	0.94039	0.95572	0.97157	0.98136	0.9896
1.13	0.054726	0.90247	0.94015	0.95571	0.97177	0.98149	0.98967
1.14	0.055163	0.9029	0.93991	0.95572	0.97197	0.98162	0.98975
1.15	0.055598	0.90331	0.93969	0.95576	0.97218	0.98175	0.98983
1.16	0.056032	0.9037	0.93948	0.95581	0.97238	0.98188	0.98991
1.17	0.056465	0.90407	0.93929	0.95588	0.97258	0.98202	0.98998
1.18	0.056896	0.90443	0.93911	0.95597	0.97279	0.98215	0.99006
1.19	0.057326	0.90477	0.93894	0.95608	0.97299	0.98228	0.99014
1.2	0.057755	0.9051	0.93878	0.9562	0.9732	0.98242	0.99022
1.21	0.058182	0.90542	0.93864	0.95634	0.9734	0.98255	0.9903
1.22	0.058608	0.90572	0.93851	0.95649	0.97361	0.98269	0.99038
1.23	0.059032	0.90602	0.9384	0.95665	0.97381	0.98283	0.99046
1.24	0.059456	0.90631	0.9383	0.95683	0.97402	0.98296	0.99053
1.25	0.059878	0.90658	0.93822	0.95702	0.97422	0.9831	0.99061
1.26	0.060299	0.90685	0.93815	0.95722	0.97443	0.98323	0.99069
1.27	0.060718	0.90712	0.9381	0.95743	0.97463	0.98337	0.99077
1.28	0.061137	0.90738	0.93806	0.95765	0.97484	0.9835	0.99084
1.29	0.061554	0.90763	0.93803	0.95788	0.97504	0.98364	0.99092
1.3	0.06197	0.90788	0.93802	0.95812	0.97524	0.98377	0.99099
1.31	0.062384	0.90813	0.93803	0.95836	0.97544	0.98391	0.99107
1.32	0.062798	0.90837	0.93805	0.95862	0.97565	0.98404	0.99114
1.33	0.06321	0.90861	0.93808	0.95888	0.97585	0.98417	0.99122
1.34	0.063621	0.90886	0.93813	0.95914	0.97605	0.9843	0.99129
1.35	0.064032	0.90909	0.93819	0.95941	0.97625	0.98444	0.99137
1.36	0.06444	0.90933	0.93826	0.95969	0.97644	0.98457	0.99144
1.37	0.064848	0.90957	0.93835	0.95997	0.97664	0.9847	0.99151
1.38	0.065255	0.90981	0.93845	0.96026	0.97684	0.98483	0.99159
1.39	0.065661	0.91005	0.93856	0.96055	0.97703	0.98496	0.99166
1.4	0.066065	0.9103	0.93869	0.96084	0.97723	0.98509	0.99173
1.41	0.066469	0.91054	0.93882	0.96113	0.97742	0.98521	0.9918
1.42	0.066871	0.91079	0.93897	0.96143	0.97762	0.98534	0.99187
1.43	0.067273	0.91103	0.93913	0.96173	0.97781	0.98547	0.99195
1.44	0.067673	0.91129	0.93931	0.96203	0.978	0.98559	0.99202
1.45	0.068073	0.91154	0.93949	0.96233	0.97819	0.98572	0.99209
1.46	0.068471	0.9118	0.93968	0.96264	0.97838	0.98584	0.99216
1.47	0.068869	0.91206	0.93989	0.96294	0.97856	0.98597	0.99223
1.48	0.069265	0.91232	0.9401	0.96325	0.97875	0.98609	0.9923
1.49	0.069661	0.91259	0.94032	0.96355	0.97894	0.98621	0.99237
1.5	0.070055	0.91286	0.94056	0.96386	0.97912	0.98634	0.99243
1.51	0.070449	0.91314	0.9408	0.96417	0.9793	0.98646	0.9925
1.52	0.070842	0.91342	0.94105	0.96447	0.97948	0.98658	0.99257
1.53	0.071234	0.9137	0.94131	0.96478	0.97966	0.9867	0.99264
1.54	0.071625	0.91399	0.94157	0.96508	0.97984	0.98681	0.9927
1.55	0.072015	0.91428	0.94185	0.96538	0.98002	0.98693	0.99277
1.56	0.072404	0.91458	0.94213	0.96569	0.9802	0.98705	0.99284
1.57	0.072792	0.91488	0.94241	0.96599	0.98037	0.98716	0.9929
1.58	0.07318	0.91519	0.94271	0.96629	0.98055	0.98728	0.99297
1.59	0.073567	0.9155	0.94301	0.96659	0.98072	0.98739	0.99303
1.6	0.073953	0.91581	0.94332	0.96688	0.98089	0.98751	0.99309
1.61	0.074338	0.91613	0.94363	0.96718	0.98106	0.98762	0.99316
1.62	0.074722	0.91646	0.94395	0.96747	0.98123	0.98773	0.99322
1.63	0.075106	0.91679	0.94427	0.96777	0.9814	0.98784	0.99328
1.64	0.075488	0.91712	0.9446	0.96806	0.98156	0.98795	0.99335
1.65	0.07587	0.91746	0.94493	0.96835	0.98173	0.98806	0.99341
1.66	0.076252	0.9178	0.94527	0.96863	0.98189	0.98817	0.99347
1.67	0.076632	0.91815	0.94561	0.96892	0.98205	0.98828	0.99353
1.68	0.077012	0.9185	0.94595	0.9692	0.98221	0.98839	0.99359
1.69	0.077391	0.91885	0.9463	0.96948	0.98237	0.98849	0.99365
1.7	0.077769	0.91921	0.94665	0.96976	0.98253	0.9886	0.99371
1.71	0.078147	0.91958	0.947	0.97003	0.98269	0.9887	0.99377
1.72	0.078524	0.91994	0.94735	0.97031	0.98285	0.9888	0.99382
1.73	0.0789	0.92031	0.94771	0.97058	0.983	0.98891	0.99388
1.74	0.079276	0.92069	0.94807	0.97084	0.98315	0.98901	0.99394
1.75	0.079651	0.92107	0.94843	0.97111	0.98331	0.98911	0.994
1.76	0.080025	0.92145	0.9488	0.97138	0.98346	0.98921	0.99405
1.77	0.080399	0.92183	0.94916	0.97164	0.98361	0.98931	0.99411
1.78	0.080772	0.92222	0.94953	0.9719	0.98375	0.98941	0.99416
1.79	0.081144	0.92262	0.9499	0.97215	0.9839	0.9895	0.99422
1.8	0.081516	0.92301	0.95026	0.97241	0.98405	0.9896	0.99427
1.81	0.081887	0.92341	0.95063	0.97266	0.98419	0.9897	0.99433
1.82	0.082258	0.92381	0.951	0.97291	0.98434	0.98979	0.99438
1.83	0.082628	0.92421	0.95137	0.97316	0.98448	0.98989	0.99443
1.84	0.082998	0.92462	0.95174	0.9734	0.98462	0.98998	0.99448
1.85	0.083366	0.92503	0.95211	0.97364	0.98476	0.99007	0.99454
1.86	0.083735	0.92544	0.95248	0.97388	0.9849	0.99016	0.99459
1.87	0.084103	0.92585	0.95285	0.97412	0.98503	0.99026	0.99464
1.88	0.08447	0.92627	0.95322	0.97436	0.98517	0.99035	0.99469
1.89	0.084837	0.92668	0.95359	0.97459	0.98531	0.99044	0.99474
1.9	0.085203	0.9271	0.95396	0.97482	0.98544	0.99052	0.99479
1.91	0.085568	0.92752	0.95432	0.97505	0.98557	0.99061	0.99484
1.92	0.085934	0.92795	0.95469	0.97527	0.9857	0.9907	0.99489
1.93	0.086298	0.92837	0.95505	0.9755	0.98583	0.99079	0.99494
1.94	0.086663	0.9288	0.95542	0.97572	0.98596	0.99087	0.99498
1.95	0.087026	0.92922	0.95578	0.97594	0.98609	0.99096	0.99503
1.96	0.087389	0.92965	0.95614	0.97616	0.98622	0.99104	0.99508
1.97	0.087752	0.93008	0.9565	0.97637	0.98634	0.99112	0.99513
1.98	0.088114	0.93051	0.95686	0.97658	0.98647	0.99121	0.99517
1.99	0.088476	0.93094	0.95721	0.97679	0.98659	0.99129	0.99522
2	0.088838	0.93137	0.95757	0.977	0.98671	0.99137	0.99526
2.01	0.089199	0.9318	0.95792	0.97721	0.98683	0.99145	0.99531
2.02	0.089559	0.93223	0.95827	0.97741	0.98695	0.99153	0.99535
2.03	0.089919	0.93267	0.95862	0.97762	0.98707	0.99161	0.9954
2.04	0.090279	0.9331	0.95896	0.97782	0.98719	0.99169	0.99544
2.05	0.090638	0.93353	0.95931	0.97802	0.98731	0.99177	0.99548
2.06	0.090997	0.93397	0.95965	0.97821	0.98742	0.99184	0.99553
2.07	0.091355	0.9344	0.95999	0.97841	0.98754	0.99192	0.99557
2.08	0.091713	0.93483	0.96033	0.9786	0.98765	0.99199	0.99561
2.09	0.092071	0.93526	0.96067	0.97879	0.98777	0.99207	0.99565
2.1	0.092428	0.9357	0.961	0.97898	0.98788	0.99214	0.9957
2.11	0.092785	0.93613	0.96133	0.97917	0.98799	0.99222	0.99574
2.12	0.093141	0.93656	0.96166	0.97935	0.9881	0.99229	0.99578
2.13	0.093497	0.93699	0.96198	0.97954	0.98821	0.99236	0.99582
2.14	0.093853	0.93742	0.96231	0.97972	0.98831	0.99243	0.99586
2.15	0.094209	0.93785	0.96263	0.9799	0.98842	0.9925	0.9959
2.16	0.094564	0.93828	0.96295	0.98008	0.98853	0.99257	0.99594
2.17	0.094918	0.9387	0.96327	0.98025	0.98863	0.99264	0.99598
2.18	0.095272	0.93913	0.96358	0.98043	0.98874	0.99271	0.99601
2.19	0.095626	0.93955	0.96389	0.9806	0.98884	0.99278	0.99605
2.2	0.09598	0.93998	0.9642	0.98077	0.98894	0.99285	0.99609
2.21	0.096333	0.9404	0.96451	0.98094	0.98904	0.99291	0.99613
2.22	0.096686	0.94082	0.96481	0.98111	0.98914	0.99298	0.99616
2.23	0.097039	0.94124	0.96511	0.98128	0.98924	0.99305	0.9962
2.24	0.097391	0.94166	0.96541	0.98144	0.98934	0.99311	0.99624
2.25	0.097743	0.94208	0.96571	0.98161	0.98944	0.99318	0.99627
2.26	0.098095	0.94249	0.966	0.98177	0.98953	0.99324	0.99631
2.27	0.098447	0.94291	0.96629	0.98193	0.98963	0.9933	0.99635
2.28	0.098798	0.94332	0.96658	0.98209	0.98973	0.99337	0.99638
2.29	0.099148	0.94373	0.96687	0.98225	0.98982	0.99343	0.99641
2.3	0.099499	0.94414	0.96715	0.9824	0.98991	0.99349	0.99645
2.31	0.099849	0.94455	0.96743	0.98256	0.99	0.99355	0.99648
2.32	0.1002	0.94495	0.96771	0.98271	0.9901	0.99361	0.99652
2.33	0.10055	0.94535	0.96799	0.98286	0.99019	0.99367	0.99655
2.34	0.1009	0.94576	0.96826	0.98301	0.99028	0.99373	0.99658
2.35	0.10125	0.94615	0.96853	0.98316	0.99037	0.99379	0.99662
2.36	0.1016	0.94655	0.9688	0.98331	0.99045	0.99385	0.99665
2.37	0.10194	0.94695	0.96907	0.98346	0.99054	0.99391	0.99668
2.38	0.10229	0.94734	0.96933	0.9836	0.99063	0.99396	0.99671
2.39	0.10264	0.94773	0.96959	0.98375	0.99071	0.99402	0.99674
2.4	0.10299	0.94812	0.96985	0.98389	0.9908	0.99408	0.99678
2.41	0.10334	0.94851	0.97011	0.98403	0.99088	0.99413	0.99681
2.42	0.10368	0.94889	0.97036	0.98417	0.99097	0.99419	0.99684
2.43	0.10403	0.94927	0.97061	0.98431	0.99105	0.99424	0.99687
2.44	0.10438	0.94965	0.97086	0.98445	0.99113	0.9943	0.9969
2.45	0.10472	0.95003	0.97111	0.98458	0.99121	0.99435	0.99693
2.46	0.10507	0.95041	0.97135	0.98472	0.99129	0.9944	0.99696
2.47	0.10542	0.95078	0.97159	0.98485	0.99137	0.99445	0.99699
2.48	0.10576	0.95115	0.97183	0.98498	0.99145	0.99451	0.99702
2.49	0.10611	0.95152	0.97207	0.98511	0.99153	0.99456	0.99704
2.5	0.10645	0.95189	0.97231	0.98524	0.99161	0.99461	0.99707
2.51	0.1068	0.95225	0.97254	0.98537	0.99168	0.99466	0.9971
2.52	0.10714	0.95261	0.97277	0.9855	0.99176	0.99471	0.99713
2.53	0.10749	0.95297	0.973	0.98563	0.99184	0.99476	0.99716
2.54	0.10783	0.95333	0.97323	0.98575	0.99191	0.99481	0.99718
2.55	0.10818	0.95368	0.97345	0.98588	0.99199	0.99486	0.99721
2.56	0.10852	0.95403	0.97367	0.986	0.99206	0.99491	0.99724
2.57	0.10887	0.95438	0.9739	0.98612	0.99213	0.99495	0.99726
2.58	0.10921	0.95473	0.97411	0.98624	0.9922	0.995	0.99729
2.59	0.10955	0.95507	0.97433	0.98637	0.99227	0.99505	0.99732
2.6	0.1099	0.95542	0.97454	0.98648	0.99235	0.99509	0.99734
2.61	0.11024	0.95576	0.97476	0.9866	0.99242	0.99514	0.99737
2.62	0.11058	0.95609	0.97497	0.98672	0.99249	0.99519	0.99739
2.63	0.11093	0.95643	0.97518	0.98684	0.99255	0.99523	0.99742
2.64	0.11127	0.95676	0.97538	0.98695	0.99262	0.99528	0.99744
2.65	0.11161	0.95709	0.97559	0.98706	0.99269	0.99532	0.99747
2.66	0.11195	0.95742	0.97579	0.98718	0.99276	0.99536	0.99749
2.67	0.11229	0.95774	0.97599	0.98729	0.99282	0.99541	0.99752
2.68	0.11264	0.95807	0.97619	0.9874	0.99289	0.99545	0.99754
2.69	0.11298	0.95839	0.97639	0.98751	0.99295	0.99549	0.99756
2.7	0.11332	0.9587	0.97658	0.98762	0.99302	0.99554	0.99759
2.71	0.11366	0.95902	0.97678	0.98773	0.99308	0.99558	0.99761
2.72	0.114	0.95933	0.97697	0.98783	0.99315	0.99562	0.99763
2.73	0.11434	0.95964	0.97716	0.98794	0.99321	0.99566	0.99766
2.74	0.11468	0.95995	0.97735	0.98805	0.99327	0.9957	0.99768
2.75	0.11502	0.96026	0.97753	0.98815	0.99333	0.99574	0.9977
2.76	0.11536	0.96056	0.97772	0.98825	0.99339	0.99578	0.99772
2.77	0.1157	0.96086	0.9779	0.98836	0.99345	0.99582	0.99774
2.78	0.11604	0.96116	0.97808	0.98846	0.99351	0.99586	0.99777
2.79	0.11638	0.96146	0.97826	0.98856	0.99357	0.9959	0.99779
2.8	0.11672	0.96175	0.97844	0.98866	0.99363	0.99594	0.99781
2.81	0.11706	0.96204	0.97862	0.98876	0.99369	0.99598	0.99783
2.82	0.1174	0.96233	0.97879	0.98886	0.99375	0.99601	0.99785
2.83	0.11774	0.96262	0.97897	0.98895	0.99381	0.99605	0.99787
2.84	0.11808	0.9629	0.97914	0.98905	0.99386	0.99609	0.99789
2.85	0.11842	0.96319	0.97931	0.98915	0.99392	0.99613	0.99791
2.86	0.11876	0.96347	0.97948	0.98924	0.99397	0.99616	0.99793
2.87	0.1191	0.96375	0.97965	0.98933	0.99403	0.9962	0.99795
2.88	0.11943	0.96402	0.97981	0.98943	0.99408	0.99623	0.99797
2.89	0.11977	0.9643	0.97998	0.98952	0.99414	0.99627	0.99799
2.9	0.12011	0.96457	0.98014	0.98961	0.99419	0.9963	0.99801
2.91	0.12045	0.96484	0.9803	0.9897	0.99425	0.99634	0.99803
2.92	0.12079	0.9651	0.98046	0.98979	0.9943	0.99637	0.99805
2.93	0.12112	0.96537	0.98062	0.98988	0.99435	0.99641	0.99807
2.94	0.12146	0.96563	0.98078	0.98997	0.9944	0.99644	0.99809
2.95	0.1218	0.96589	0.98094	0.99006	0.99445	0.99648	0.99811
2.96	0.12214	0.96615	0.98109	0.99014	0.9945	0.99651	0.99812
2.97	0.12247	0.96641	0.98125	0.99023	0.99455	0.99654	0.99814
2.98	0.12281	0.96666	0.9814	0.99032	0.9946	0.99657	0.99816
2.99	0.12315	0.96692	0.98155	0.9904	0.99465	0.99661	0.99818
3	0.12348	0.96717	0.9817	0.99048	0.9947	0.99664	0.99819
3.01	0.12382	0.96741	0.98185	0.99057	0.99475	0.99667	0.99821
3.02	0.12416	0.96766	0.982	0.99065	0.9948	0.9967	0.99823
3.03	0.12449	0.96791	0.98214	0.99073	0.99485	0.99673	0.99825
3.04	0.12483	0.96815	0.98229	0.99081	0.99489	0.99676	0.99826
3.05	0.12516	0.96839	0.98243	0.99089	0.99494	0.99679	0.99828
3.06	0.1255	0.96863	0.98257	0.99097	0.99499	0.99682	0.9983
3.07	0.12584	0.96886	0.98271	0.99105	0.99503	0.99685	0.99831
3.08	0.12617	0.9691	0.98285	0.99113	0.99508	0.99688	0.99833
3.09	0.12651	0.96933	0.98299	0.99121	0.99512	0.99691	0.99835
3.1	0.12684	0.96956	0.98313	0.99128	0.99517	0.99694	0.99836
3.11	0.12718	0.96979	0.98327	0.99136	0.99521	0.99697	0.99838
3.12	0.12751	0.97002	0.9834	0.99143	0.99526	0.997	0.99839
3.13	0.12785	0.97025	0.98354	0.99151	0.9953	0.99703	0.99841
3.14	0.12818	0.97047	0.98367	0.99158	0.99534	0.99705	0.99842
3.15	0.12851	0.97069	0.9838	0.99166	0.99539	0.99708	0.99844
3.16	0.12885	0.97091	0.98393	0.99173	0.99543	0.99711	0.99845
3.17	0.12918	0.97113	0.98406	0.9918	0.99547	0.99714	0.99847
3.18	0.12952	0.97135	0.98419	0.99187	0.99551	0.99716	0.99848
3.19	0.12985	0.97156	0.98432	0.99195	0.99555	0.99719	0.9985
3.2	0.13018	0.97177	0.98445	0.99202	0.99559	0.99722	0.99851
3.21	0.13052	0.97199	0.98457	0.99209	0.99563	0.99724	0.99853
3.22	0.13085	0.9722	0.9847	0.99215	0.99567	0.99727	0.99854
3.23	0.13119	0.9724	0.98482	0.99222	0.99571	0.99729	0.99855
3.24	0.13152	0.97261	0.98494	0.99229	0.99575	0.99732	0.99857
3.25	0.13185	0.97282	0.98506	0.99236	0.99579	0.99735	0.99858
3.26	0.13218	0.97302	0.98518	0.99243	0.99583	0.99737	0.9986
3.27	0.13252	0.97322	0.9853	0.99249	0.99587	0.99739	0.99861
3.28	0.13285	0.97342	0.98542	0.99256	0.99591	0.99742	0.99862
3.29	0.13318	0.97362	0.98554	0.99262	0.99594	0.99744	0.99864
3.3	0.13352	0.97382	0.98566	0.99269	0.99598	0.99747	0.99865
3.31	0.13385	0.97401	0.98577	0.99275	0.99602	0.99749	0.99866
3.32	0.13418	0.9742	0.98589	0.99281	0.99605	0.99752	0.99868
3.33	0.13451	0.9744	0.986	0.99288	0.99609	0.99754	0.99869
3.34	0.13484	0.97459	0.98611	0.99294	0.99613	0.99756	0.9987
3.35	0.13518	0.97478	0.98623	0.993	0.99616	0.99758	0.99871
3.36	0.13551	0.97496	0.98634	0.99306	0.9962	0.99761	0.99873
3.37	0.13584	0.97515	0.98645	0.99312	0.99623	0.99763	0.99874
3.38	0.13617	0.97534	0.98656	0.99318	0.99627	0.99765	0.99875
3.39	0.1365	0.97552	0.98667	0.99324	0.9963	0.99767	0.99876
3.4	0.13683	0.9757	0.98677	0.9933	0.99633	0.9977	0.99877
3.41	0.13716	0.97588	0.98688	0.99336	0.99637	0.99772	0.99879
3.42	0.13749	0.97606	0.98699	0.99342	0.9964	0.99774	0.9988
3.43	0.13783	0.97624	0.98709	0.99348	0.99643	0.99776	0.99881
3.44	0.13816	0.97641	0.9872	0.99353	0.99647	0.99778	0.99882
3.45	0.13849	0.97659	0.9873	0.99359	0.9965	0.9978	0.99883
3.46	0.13882	0.97676	0.9874	0.99364	0.99653	0.99782	0.99884
3.47	0.13915	0.97694	0.9875	0.9937	0.99656	0.99784	0.99885
3.48	0.13948	0.97711	0.9876	0.99376	0.9966	0.99786	0.99887
3.49	0.13981	0.97728	0.9877	0.99381	0.99663	0.99788	0.99888
3.5	0.14014	0.97744	0.9878	0.99386	0.99666	0.9979	0.99889
3.51	0.14047	0.97761	0.9879	0.99392	0.99669	0.99792	0.9989
3.52	0.1408	0.97778	0.988	0.99397	0.99672	0.99794	0.99891
3.53	0.14113	0.97794	0.9881	0.99402	0.99675	0.99796	0.99892
3.54	0.14146	0.9781	0.98819	0.99408	0.99678	0.99798	0.99893
3.55	0.14178	0.97827	0.98829	0.99413	0.99681	0.998	0.99894
3.56	0.14211	0.97843	0.98838	0.99418	0.99684	0.99802	0.99895
3.57	0.14244	0.97859	0.98848	0.99423	0.99687	0.99804	0.99896
3.58	0.14277	0.97874	0.98857	0.99428	0.99689	0.99806	0.99897
3.59	0.1431	0.9789	0.98866	0.99433	0.99692	0.99807	0.99898
3.6	0.14343	0.97906	0.98875	0.99438	0.99695	0.99809	0.99899
3.61	0.14376	0.97921	0.98884	0.99443	0.99698	0.99811	0.999
3.62	0.14409	0.97937	0.98893	0.99448	0.99701	0.99813	0.99901
3.63	0.14441	0.97952	0.98902	0.99453	0.99703	0.99815	0.99902
3.64	0.14474	0.97967	0.98911	0.99457	0.99706	0.99816	0.99903
3.65	0.14507	0.97982	0.9892	0.99462	0.99709	0.99818	0.99904
3.66	0.1454	0.97997	0.98929	0.99467	0.99712	0.9982	0.99905
3.67	0.14573	0.98012	0.98937	0.99471	0.99714	0.99821	0.99906
3.68	0.14605	0.98026	0.98946	0.99476	0.99717	0.99823	0.99906
3.69	0.14638	0.98041	0.98954	0.99481	0.99719	0.99825	0.99907
3.7	0.14671	0.98055	0.98963	0.99485	0.99722	0.99826	0.99908
3.71	0.14704	0.9807	0.98971	0.9949	0.99724	0.99828	0.99909
3.72	0.14736	0.98084	0.9898	0.99494	0.99727	0.9983	0.9991
3.73	0.14769	0.98098	0.98988	0.99499	0.9973	0.99831	0.99911
3.74	0.14802	0.98112	0.98996	0.99503	0.99732	0.99833	0.99912
3.75	0.14834	0.98126	0.99004	0.99507	0.99734	0.99834	0.99913
3.76	0.14867	0.9814	0.99012	0.99512	0.99737	0.99836	0.99913
3.77	0.149	0.98153	0.9902	0.99516	0.99739	0.99838	0.99914
3.78	0.14932	0.98167	0.99028	0.9952	0.99742	0.99839	0.99915
3.79	0.14965	0.98181	0.99036	0.99524	0.99744	0.99841	0.99916
3.8	0.14998	0.98194	0.99044	0.99528	0.99746	0.99842	0.99917
3.81	0.1503	0.98207	0.99051	0.99533	0.99749	0.99844	0.99918
3.82	0.15063	0.9822	0.99059	0.99537	0.99751	0.99845	0.99918
3.83	0.15095	0.98234	0.99067	0.99541	0.99753	0.99847	0.99919
3.84	0.15128	0.98247	0.99074	0.99545	0.99756	0.99848	0.9992
3.85	0.15161	0.98259	0.99082	0.99549	0.99758	0.99849	0.99921
3.86	0.15193	0.98272	0.99089	0.99553	0.9976	0.99851	0.99921
3.87	0.15226	0.98285	0.99097	0.99557	0.99762	0.99852	0.99922
3.88	0.15258	0.98298	0.99104	0.9956	0.99764	0.99854	0.99923
3.89	0.15291	0.9831	0.99111	0.99564	0.99767	0.99855	0.99924
3.9	0.15323	0.98323	0.99118	0.99568	0.99769	0.99856	0.99924
3.91	0.15356	0.98335	0.99125	0.99572	0.99771	0.99858	0.99925
3.92	0.15388	0.98347	0.99133	0.99576	0.99773	0.99859	0.99926
3.93	0.15421	0.98359	0.9914	0.99579	0.99775	0.9986	0.99927
3.94	0.15453	0.98371	0.99147	0.99583	0.99777	0.99862	0.99927
3.95	0.15486	0.98383	0.99153	0.99587	0.99779	0.99863	0.99928
3.96	0.15518	0.98395	0.9916	0.9959	0.99781	0.99864	0.99929
3.97	0.1555	0.98407	0.99167	0.99594	0.99783	0.99866	0.99929
3.98	0.15583	0.98419	0.99174	0.99597	0.99785	0.99867	0.9993
3.99	0.15615	0.9843	0.9918	0.99601	0.99787	0.99868	0.99931
4	0.15648	0.98442	0.99187	0.99604	0.99789	0.99869	0.99931
4.01	0.1568	0.98453	0.99194	0.99608	0.99791	0.99871	0.99932
4.02	0.15712	0.98465	0.992	0.99611	0.99793	0.99872	0.99933
4.03	0.15745	0.98476	0.99207	0.99615	0.99795	0.99873	0.99933
4.04	0.15777	0.98487	0.99213	0.99618	0.99797	0.99874	0.99934
4.05	0.15809	0.98498	0.99219	0.99621	0.99799	0.99875	0.99935
4.06	0.15842	0.9851	0.99226	0.99625	0.998	0.99877	0.99935
4.07	0.15874	0.9852	0.99232	0.99628	0.99802	0.99878	0.99936
4.08	0.15906	0.98531	0.99238	0.99631	0.99804	0.99879	0.99937
4.09	0.15938	0.98542	0.99244	0.99634	0.99806	0.9988	0.99937
4.1	0.15971	0.98553	0.99251	0.99638	0.99808	0.99881	0.99938
4.11	0.16003	0.98564	0.99257	0.99641	0.99809	0.99882	0.99938
4.12	0.16035	0.98574	0.99263	0.99644	0.99811	0.99883	0.99939
4.13	0.16067	0.98585	0.99269	0.99647	0.99813	0.99884	0.9994
4.14	0.161	0.98595	0.99275	0.9965	0.99815	0.99886	0.9994
4.15	0.16132	0.98605	0.9928	0.99653	0.99816	0.99887	0.99941
4.16	0.16164	0.98616	0.99286	0.99656	0.99818	0.99888	0.99941
4.17	0.16196	0.98626	0.99292	0.99659	0.9982	0.99889	0.99942
4.18	0.16228	0.98636	0.99298	0.99662	0.99821	0.9989	0.99942
4.19	0.1626	0.98646	0.99303	0.99665	0.99823	0.99891	0.99943
4.2	0.16293	0.98656	0.99309	0.99668	0.99825	0.99892	0.99943
4.21	0.16325	0.98666	0.99315	0.99671	0.99826	0.99893	0.99944
4.22	0.16357	0.98676	0.9932	0.99674	0.99828	0.99894	0.99945
4.23	0.16389	0.98685	0.99326	0.99677	0.99829	0.99895	0.99945
4.24	0.16421	0.98695	0.99331	0.9968	0.99831	0.99896	0.99946
4.25	0.16453	0.98705	0.99337	0.99682	0.99832	0.99897	0.99946
4.26	0.16485	0.98714	0.99342	0.99685	0.99834	0.99898	0.99947
4.27	0.16517	0.98724	0.99347	0.99688	0.99835	0.99899	0.99947
4.28	0.16549	0.98733	0.99353	0.99691	0.99837	0.999	0.99948
4.29	0.16581	0.98742	0.99358	0.99693	0.99838	0.99901	0.99948
4.3	0.16613	0.98752	0.99363	0.99696	0.9984	0.99902	0.99949
4.31	0.16645	0.98761	0.99368	0.99699	0.99841	0.99902	0.99949
4.32	0.16677	0.9877	0.99373	0.99701	0.99843	0.99903	0.9995
4.33	0.16709	0.98779	0.99378	0.99704	0.99844	0.99904	0.9995
4.34	0.16741	0.98788	0.99383	0.99706	0.99846	0.99905	0.99951
4.35	0.16773	0.98797	0.99388	0.99709	0.99847	0.99906	0.99951
4.36	0.16805	0.98806	0.99393	0.99712	0.99849	0.99907	0.99952
4.37	0.16837	0.98815	0.99398	0.99714	0.9985	0.99908	0.99952
4.38	0.16869	0.98823	0.99403	0.99717	0.99851	0.99909	0.99953
4.39	0.16901	0.98832	0.99408	0.99719	0.99853	0.9991	0.99953
4.4	0.16933	0.98841	0.99413	0.99722	0.99854	0.9991	0.99953
4.41	0.16965	0.98849	0.99418	0.99724	0.99855	0.99911	0.99954
4.42	0.16997	0.98858	0.99422	0.99726	0.99857	0.99912	0.99954
4.43	0.17028	0.98866	0.99427	0.99729	0.99858	0.99913	0.99955
4.44	0.1706	0.98874	0.99432	0.99731	0.99859	0.99914	0.99955
4.45	0.17092	0.98883	0.99436	0.99733	0.99861	0.99915	0.99956
4.46	0.17124	0.98891	0.99441	0.99736	0.99862	0.99915	0.99956
4.47	0.17156	0.98899	0.99445	0.99738	0.99863	0.99916	0.99956
4.48	0.17188	0.98907	0.9945	0.9974	0.99864	0.99917	0.99957
4.49	0.17219	0.98915	0.99454	0.99743	0.99866	0.99918	0.99957
4.5	0.17251	0.98923	0.99459	0.99745	0.99867	0.99919	0.99958
4.51	0.17283	0.98931	0.99463	0.99747	0.99868	0.99919	0.99958
4.52	0.17315	0.98939	0.99467	0.99749	0.99869	0.9992	0.99959
4.53	0.17346	0.98947	0.99472	0.99752	0.9987	0.99921	0.99959
4.54	0.17378	0.98955	0.99476	0.99754	0.99872	0.99922	0.99959
4.55	0.1741	0.98962	0.9948	0.99756	0.99873	0.99922	0.9996
4.56	0.17441	0.9897	0.99484	0.99758	0.99874	0.99923	0.9996
4.57	0.17473	0.98978	0.99489	0.9976	0.99875	0.99924	0.9996
4.58	0.17505	0.98985	0.99493	0.99762	0.99876	0.99924	0.99961
4.59	0.17537	0.98993	0.99497	0.99764	0.99877	0.99925	0.99961
4.6	0.17568	0.99	0.99501	0.99766	0.99879	0.99926	0.99962
4.61	0.176	0.99007	0.99505	0.99768	0.9988	0.99927	0.99962
4.62	0.17631	0.99015	0.99509	0.9977	0.99881	0.99927	0.99962
4.63	0.17663	0.99022	0.99513	0.99772	0.99882	0.99928	0.99963
4.64	0.17695	0.99029	0.99517	0.99774	0.99883	0.99929	0.99963
4.65	0.17726	0.99036	0.99521	0.99776	0.99884	0.99929	0.99963
4.66	0.17758	0.99043	0.99525	0.99778	0.99885	0.9993	0.99964
4.67	0.17789	0.9905	0.99529	0.9978	0.99886	0.99931	0.99964
4.68	0.17821	0.99057	0.99532	0.99782	0.99887	0.99931	0.99964
4.69	0.17853	0.99064	0.99536	0.99784	0.99888	0.99932	0.99965
4.7	0.17884	0.99071	0.9954	0.99786	0.99889	0.99933	0.99965
4.71	0.17916	0.99078	0.99544	0.99788	0.9989	0.99933	0.99965
4.72	0.17947	0.99085	0.99547	0.9979	0.99891	0.99934	0.99966
4.73	0.17979	0.99092	0.99551	0.99792	0.99892	0.99934	0.99966
4.74	0.1801	0.99098	0.99555	0.99793	0.99893	0.99935	0.99966
4.75	0.18042	0.99105	0.99558	0.99795	0.99894	0.99936	0.99967
4.76	0.18073	0.99112	0.99562	0.99797	0.99895	0.99936	0.99967
4.77	0.18105	0.99118	0.99565	0.99799	0.99896	0.99937	0.99967
4.78	0.18136	0.99125	0.99569	0.99801	0.99897	0.99937	0.99968
4.79	0.18167	0.99131	0.99572	0.99802	0.99898	0.99938	0.99968
4.8	0.18199	0.99138	0.99576	0.99804	0.99899	0.99939	0.99968
4.81	0.1823	0.99144	0.99579	0.99806	0.999	0.99939	0.99969
4.82	0.18262	0.9915	0.99583	0.99807	0.99901	0.9994	0.99969
4.83	0.18293	0.99156	0.99586	0.99809	0.99902	0.9994	0.99969
4.84	0.18324	0.99163	0.99589	0.99811	0.99903	0.99941	0.9997
4.85	0.18356	0.99169	0.99593	0.99812	0.99904	0.99941	0.9997
4.86	0.18387	0.99175	0.99596	0.99814	0.99904	0.99942	0.9997
4.87	0.18418	0.99181	0.99599	0.99816	0.99905	0.99943	0.9997
4.88	0.1845	0.99187	0.99603	0.99817	0.99906	0.99943	0.99971
4.89	0.18481	0.99193	0.99606	0.99819	0.99907	0.99944	0.99971
4.9	0.18512	0.99199	0.99609	0.9982	0.99908	0.99944	0.99971
4.91	0.18544	0.99205	0.99612	0.99822	0.99909	0.99945	0.99972
4.92	0.18575	0.99211	0.99615	0.99824	0.9991	0.99945	0.99972
4.93	0.18606	0.99217	0.99618	0.99825	0.9991	0.99946	0.99972
4.94	0.18637	0.99222	0.99621	0.99827	0.99911	0.99946	0.99972
4.95	0.18669	0.99228	0.99625	0.99828	0.99912	0.99947	0.99973
4.96	0.187	0.99234	0.99628	0.9983	0.99913	0.99947	0.99973
4.97	0.18731	0.99239	0.99631	0.99831	0.99914	0.99948	0.99973
4.98	0.18762	0.99245	0.99634	0.99833	0.99914	0.99948	0.99973
4.99	0.18793	0.99251	0.99637	0.99834	0.99915	0.99949	0.99974
5	0.18825	0.99256	0.99639	0.99836	0.99916	0.99949	0.99974
5.01	0.18856	0.99262	0.99642	0.99837	0.99917	0.9995	0.99974
5.02	0.18887	0.99267	0.99645	0.99838	0.99918	0.9995	0.99974
5.03	0.18918	0.99273	0.99648	0.9984	0.99918	0.99951	0.99975
5.04	0.18949	0.99278	0.99651	0.99841	0.99919	0.99951	0.99975
5.05	0.1898	0.99283	0.99654	0.99843	0.9992	0.99952	0.99975
5.06	0.19011	0.99289	0.99657	0.99844	0.9992	0.99952	0.99975
5.07	0.19043	0.99294	0.99659	0.99845	0.99921	0.99952	0.99976
5.08	0.19074	0.99299	0.99662	0.99847	0.99922	0.99953	0.99976
5.09	0.19105	0.99304	0.99665	0.99848	0.99923	0.99953	0.99976
5.1	0.19136	0.99309	0.99668	0.99849	0.99923	0.99954	0.99976
5.11	0.19167	0.99314	0.9967	0.99851	0.99924	0.99954	0.99977
5.12	0.19198	0.99319	0.99673	0.99852	0.99925	0.99955	0.99977
5.13	0.19229	0.99324	0.99676	0.99853	0.99925	0.99955	0.99977
5.14	0.1926	0.99329	0.99678	0.99855	0.99926	0.99955	0.99977
5.15	0.19291	0.99334	0.99681	0.99856	0.99927	0.99956	0.99977
5.16	0.19322	0.99339	0.99683	0.99857	0.99927	0.99956	0.99978
5.17	0.19353	0.99344	0.99686	0.99858	0.99928	0.99957	0.99978
5.18	0.19384	0.99349	0.99689	0.9986	0.99929	0.99957	0.99978
5.19	0.19415	0.99354	0.99691	0.99861	0.99929	0.99958	0.99978
5.2	0.19446	0.99359	0.99694	0.99862	0.9993	0.99958	0.99979
5.21	0.19477	0.99363	0.99696	0.99863	0.99931	0.99958	0.99979
5.22	0.19508	0.99368	0.99699	0.99864	0.99931	0.99959	0.99979
5.23	0.19538	0.99373	0.99701	0.99866	0.99932	0.99959	0.99979
5.24	0.19569	0.99377	0.99703	0.99867	0.99933	0.9996	0.99979
5.25	0.196	0.99382	0.99706	0.99868	0.99933	0.9996	0.9998
5.26	0.19631	0.99386	0.99708	0.99869	0.99934	0.9996	0.9998
5.27	0.19662	0.99391	0.99711	0.9987	0.99934	0.99961	0.9998
5.28	0.19693	0.99395	0.99713	0.99871	0.99935	0.99961	0.9998
5.29	0.19724	0.994	0.99715	0.99873	0.99936	0.99961	0.9998
5.3	0.19754	0.99404	0.99718	0.99874	0.99936	0.99962	0.99981
5.31	0.19785	0.99409	0.9972	0.99875	0.99937	0.99962	0.99981
5.32	0.19816	0.99413	0.99722	0.99876	0.99937	0.99962	0.99981
5.33	0.19847	0.99417	0.99724	0.99877	0.99938	0.99963	0.99981
5.34	0.19878	0.99422	0.99727	0.99878	0.99939	0.99963	0.99981
5.35	0.19908	0.99426	0.99729	0.99879	0.99939	0.99964	0.99981
5.36	0.19939	0.9943	0.99731	0.9988	0.9994	0.99964	0.99982
5.37	0.1997	0.99434	0.99733	0.99881	0.9994	0.99964	0.99982
5.38	0.20001	0.99439	0.99735	0.99882	0.99941	0.99965	0.99982
5.39	0.20031	0.99443	0.99737	0.99883	0.99941	0.99965	0.99982
5.4	0.20062	0.99447	0.9974	0.99884	0.99942	0.99965	0.99982
5.41	0.20093	0.99451	0.99742	0.99885	0.99942	0.99966	0.99982
5.42	0.20123	0.99455	0.99744	0.99886	0.99943	0.99966	0.99983
5.43	0.20154	0.99459	0.99746	0.99887	0.99943	0.99966	0.99983
5.44	0.20185	0.99463	0.99748	0.99888	0.99944	0.99966	0.99983
5.45	0.20215	0.99467	0.9975	0.99889	0.99944	0.99967	0.99983
5.46	0.20246	0.99471	0.99752	0.9989	0.99945	0.99967	0.99983
5.47	0.20277	0.99475	0.99754	0.99891	0.99945	0.99967	0.99983
5.48	0.20307	0.99479	0.99756	0.99892	0.99946	0.99968	0.99984
5.49	0.20338	0.99483	0.99758	0.99893	0.99946	0.99968	0.99984
5.5	0.20368	0.99486	0.9976	0.99894	0.99947	0.99968	0.99984
5.51	0.20399	0.9949	0.99762	0.99895	0.99947	0.99969	0.99984
5.52	0.2043	0.99494	0.99764	0.99896	0.99948	0.99969	0.99984
5.53	0.2046	0.99498	0.99766	0.99897	0.99948	0.99969	0.99984
5.54	0.20491	0.99501	0.99768	0.99898	0.99949	0.9997	0.99985
5.55	0.20521	0.99505	0.99769	0.99899	0.99949	0.9997	0.99985
5.56	0.20552	0.99509	0.99771	0.99899	0.9995	0.9997	0.99985
5.57	0.20582	0.99512	0.99773	0.999	0.9995	0.9997	0.99985
5.58	0.20613	0.99516	0.99775	0.99901	0.99951	0.99971	0.99985
5.59	0.20643	0.99519	0.99777	0.99902	0.99951	0.99971	0.99985
5.6	0.20674	0.99523	0.99779	0.99903	0.99952	0.99971	0.99985
5.61	0.20704	0.99527	0.9978	0.99904	0.99952	0.99971	0.99986
5.62	0.20735	0.9953	0.99782	0.99905	0.99953	0.99972	0.99986
5.63	0.20765	0.99533	0.99784	0.99905	0.99953	0.99972	0.99986
5.64	0.20795	0.99537	0.99786	0.99906	0.99953	0.99972	0.99986
5.65	0.20826	0.9954	0.99787	0.99907	0.99954	0.99973	0.99986
5.66	0.20856	0.99544	0.99789	0.99908	0.99954	0.99973	0.99986
5.67	0.20887	0.99547	0.99791	0.99909	0.99955	0.99973	0.99986
5.68	0.20917	0.9955	0.99793	0.99909	0.99955	0.99973	0.99987
5.69	0.20947	0.99554	0.99794	0.9991	0.99955	0.99974	0.99987
5.7	0.20978	0.99557	0.99796	0.99911	0.99956	0.99974	0.99987
5.71	0.21008	0.9956	0.99798	0.99912	0.99956	0.99974	0.99987
5.72	0.21038	0.99564	0.99799	0.99913	0.99957	0.99974	0.99987
5.73	0.21069	0.99567	0.99801	0.99913	0.99957	0.99975	0.99987
5.74	0.21099	0.9957	0.99802	0.99914	0.99957	0.99975	0.99987
5.75	0.21129	0.99573	0.99804	0.99915	0.99958	0.99975	0.99987
5.76	0.2116	0.99576	0.99806	0.99916	0.99958	0.99975	0.99988
5.77	0.2119	0.99579	0.99807	0.99916	0.99959	0.99975	0.99988
5.78	0.2122	0.99583	0.99809	0.99917	0.99959	0.99976	0.99988
5.79	0.2125	0.99586	0.9981	0.99918	0.99959	0.99976	0.99988
5.8	0.21281	0.99589	0.99812	0.99919	0.9996	0.99976	0.99988
5.81	0.21311	0.99592	0.99813	0.99919	0.9996	0.99976	0.99988
5.82	0.21341	0.99595	0.99815	0.9992	0.99961	0.99977	0.99988
5.83	0.21371	0.99598	0.99816	0.99921	0.99961	0.99977	0.99988
5.84	0.21401	0.99601	0.99818	0.99921	0.99961	0.99977	0.99988
5.85	0.21432	0.99604	0.99819	0.99922	0.99962	0.99977	0.99989
5.86	0.21462	0.99607	0.99821	0.99923	0.99962	0.99977	0.99989
5.87	0.21492	0.99609	0.99822	0.99923	0.99962	0.99978	0.99989
5.88	0.21522	0.99612	0.99824	0.99924	0.99963	0.99978	0.99989
5.89	0.21552	0.99615	0.99825	0.99925	0.99963	0.99978	0.99989
5.9	0.21582	0.99618	0.99827	0.99925	0.99963	0.99978	0.99989
5.91	0.21612	0.99621	0.99828	0.99926	0.99964	0.99978	0.99989
5.92	0.21642	0.99624	0.99829	0.99927	0.99964	0.99979	0.99989
5.93	0.21673	0.99626	0.99831	0.99927	0.99964	0.99979	0.99989
5.94	0.21703	0.99629	0.99832	0.99928	0.99965	0.99979	0.9999
5.95	0.21733	0.99632	0.99833	0.99929	0.99965	0.99979	0.9999
5.96	0.21763	0.99635	0.99835	0.99929	0.99965	0.99979	0.9999
5.97	0.21793	0.99637	0.99836	0.9993	0.99966	0.9998	0.9999
5.98	0.21823	0.9964	0.99837	0.9993	0.99966	0.9998	0.9999
5.99	0.21853	0.99643	0.99839	0.99931	0.99966	0.9998	0.9999
6	0.21883	0.99645	0.9984	0.99932	0.99967	0.9998	0.9999
6.01	0.21913	0.99648	0.99841	0.99932	0.99967	0.9998	0.9999
6.02	0.21943	0.9965	0.99843	0.99933	0.99967	0.99981	0.9999
6.03	0.21973	0.99653	0.99844	0.99933	0.99967	0.99981	0.9999
6.04	0.22003	0.99656	0.99845	0.99934	0.99968	0.99981	0.9999
6.05	0.22033	0.99658	0.99846	0.99935	0.99968	0.99981	0.99991
6.06	0.22063	0.99661	0.99848	0.99935	0.99968	0.99981	0.99991
6.07	0.22093	0.99663	0.99849	0.99936	0.99969	0.99982	0.99991
6.08	0.22122	0.99666	0.9985	0.99936	0.99969	0.99982	0.99991
6.09	0.22152	0.99668	0.99851	0.99937	0.99969	0.99982	0.99991
6.1	0.22182	0.99671	0.99853	0.99937	0.99969	0.99982	0.99991
6.11	0.22212	0.99673	0.99854	0.99938	0.9997	0.99982	0.99991
6.12	0.22242	0.99675	0.99855	0.99938	0.9997	0.99982	0.99991
6.13	0.22272	0.99678	0.99856	0.99939	0.9997	0.99983	0.99991
6.14	0.22302	0.9968	0.99857	0.9994	0.99971	0.99983	0.99991
6.15	0.22332	0.99683	0.99858	0.9994	0.99971	0.99983	0.99991
6.16	0.22361	0.99685	0.9986	0.99941	0.99971	0.99983	0.99992
6.17	0.22391	0.99687	0.99861	0.99941	0.99971	0.99983	0.99992
6.18	0.22421	0.9969	0.99862	0.99942	0.99972	0.99983	0.99992
6.19	0.22451	0.99692	0.99863	0.99942	0.99972	0.99983	0.99992
6.2	0.22481	0.99694	0.99864	0.99943	0.99972	0.99984	0.99992
6.21	0.2251	0.99696	0.99865	0.99943	0.99972	0.99984	0.99992
6.22	0.2254	0.99699	0.99866	0.99944	0.99973	0.99984	0.99992
6.23	0.2257	0.99701	0.99867	0.99944	0.99973	0.99984	0.99992
6.24	0.226	0.99703	0.99868	0.99945	0.99973	0.99984	0.99992
6.25	0.22629	0.99705	0.9987	0.99945	0.99973	0.99984	0.99992
6.26	0.22659	0.99707	0.99871	0.99946	0.99974	0.99985	0.99992
6.27	0.22689	0.9971	0.99872	0.99946	0.99974	0.99985	0.99992
6.28	0.22718	0.99712	0.99873	0.99947	0.99974	0.99985	0.99992
6.29	0.22748	0.99714	0.99874	0.99947	0.99974	0.99985	0.99993
6.3	0.22778	0.99716	0.99875	0.99947	0.99975	0.99985	0.99993
6.31	0.22807	0.99718	0.99876	0.99948	0.99975	0.99985	0.99993
6.32	0.22837	0.9972	0.99877	0.99948	0.99975	0.99985	0.99993
6.33	0.22867	0.99722	0.99878	0.99949	0.99975	0.99986	0.99993
6.34	0.22896	0.99724	0.99879	0.99949	0.99976	0.99986	0.99993
6.35	0.22926	0.99726	0.9988	0.9995	0.99976	0.99986	0.99993
6.36	0.22955	0.99728	0.99881	0.9995	0.99976	0.99986	0.99993
6.37	0.22985	0.9973	0.99882	0.99951	0.99976	0.99986	0.99993
6.38	0.23015	0.99732	0.99883	0.99951	0.99976	0.99986	0.99993
6.39	0.23044	0.99734	0.99884	0.99951	0.99977	0.99986	0.99993
6.4	0.23074	0.99736	0.99884	0.99952	0.99977	0.99986	0.99993
6.41	0.23103	0.99738	0.99885	0.99952	0.99977	0.99987	0.99993
6.42	0.23133	0.9974	0.99886	0.99953	0.99977	0.99987	0.99993
6.43	0.23162	0.99742	0.99887	0.99953	0.99977	0.99987	0.99993
6.44	0.23192	0.99744	0.99888	0.99954	0.99978	0.99987	0.99994
6.45	0.23221	0.99746	0.99889	0.99954	0.99978	0.99987	0.99994
6.46	0.23251	0.99748	0.9989	0.99954	0.99978	0.99987	0.99994
6.47	0.2328	0.9975	0.99891	0.99955	0.99978	0.99987	0.99994
6.48	0.2331	0.99751	0.99892	0.99955	0.99978	0.99987	0.99994
6.49	0.23339	0.99753	0.99893	0.99956	0.99979	0.99988	0.99994
6.5	0.23369	0.99755	0.99894	0.99956	0.99979	0.99988	0.99994
6.51	0.23398	0.99757	0.99894	0.99956	0.99979	0.99988	0.99994
6.52	0.23427	0.99759	0.99895	0.99957	0.99979	0.99988	0.99994
6.53	0.23457	0.9976	0.99896	0.99957	0.99979	0.99988	0.99994
6.54	0.23486	0.99762	0.99897	0.99957	0.9998	0.99988	0.99994
6.55	0.23516	0.99764	0.99898	0.99958	0.9998	0.99988	0.99994
6.56	0.23545	0.99766	0.99899	0.99958	0.9998	0.99988	0.99994
6.57	0.23574	0.99767	0.99899	0.99959	0.9998	0.99988	0.99994
6.58	0.23604	0.99769	0.999	0.99959	0.9998	0.99989	0.99994
6.59	0.23633	0.99771	0.99901	0.99959	0.99981	0.99989	0.99994
6.6	0.23662	0.99772	0.99902	0.9996	0.99981	0.99989	0.99994
6.61	0.23692	0.99774	0.99903	0.9996	0.99981	0.99989	0.99995
6.62	0.23721	0.99776	0.99903	0.9996	0.99981	0.99989	0.99995
6.63	0.2375	0.99777	0.99904	0.99961	0.99981	0.99989	0.99995
6.64	0.23779	0.99779	0.99905	0.99961	0.99981	0.99989	0.99995
6.65	0.23809	0.99781	0.99906	0.99961	0.99982	0.99989	0.99995
6.66	0.23838	0.99782	0.99907	0.99962	0.99982	0.99989	0.99995
6.67	0.23867	0.99784	0.99907	0.99962	0.99982	0.9999	0.99995
6.68	0.23896	0.99786	0.99908	0.99962	0.99982	0.9999	0.99995
6.69	0.23926	0.99787	0.99909	0.99963	0.99982	0.9999	0.99995
6.7	0.23955	0.99789	0.99909	0.99963	0.99982	0.9999	0.99995
6.71	0.23984	0.9979	0.9991	0.99963	0.99983	0.9999	0.99995
6.72	0.24013	0.99792	0.99911	0.99964	0.99983	0.9999	0.99995
6.73	0.24042	0.99793	0.99912	0.99964	0.99983	0.9999	0.99995
6.74	0.24072	0.99795	0.99912	0.99964	0.99983	0.9999	0.99995
6.75	0.24101	0.99796	0.99913	0.99965	0.99983	0.9999	0.99995
6.76	0.2413	0.99798	0.99914	0.99965	0.99983	0.9999	0.99995
6.77	0.24159	0.99799	0.99915	0.99965	0.99984	0.9999	0.99995
6.78	0.24188	0.99801	0.99915	0.99966	0.99984	0.99991	0.99995
6.79	0.24217	0.99802	0.99916	0.99966	0.99984	0.99991	0.99995
6.8	0.24246	0.99804	0.99917	0.99966	0.99984	0.99991	0.99995
6.81	0.24275	0.99805	0.99917	0.99966	0.99984	0.99991	0.99995
6.82	0.24305	0.99807	0.99918	0.99967	0.99984	0.99991	0.99996
6.83	0.24334	0.99808	0.99919	0.99967	0.99984	0.99991	0.99996
6.84	0.24363	0.9981	0.99919	0.99967	0.99985	0.99991	0.99996
6.85	0.24392	0.99811	0.9992	0.99968	0.99985	0.99991	0.99996
6.86	0.24421	0.99812	0.99921	0.99968	0.99985	0.99991	0.99996
6.87	0.2445	0.99814	0.99921	0.99968	0.99985	0.99991	0.99996
6.88	0.24479	0.99815	0.99922	0.99968	0.99985	0.99991	0.99996
6.89	0.24508	0.99816	0.99922	0.99969	0.99985	0.99991	0.99996
6.9	0.24537	0.99818	0.99923	0.99969	0.99985	0.99992	0.99996
6.91	0.24566	0.99819	0.99924	0.99969	0.99986	0.99992	0.99996
6.92	0.24595	0.9982	0.99924	0.9997	0.99986	0.99992	0.99996
6.93	0.24624	0.99822	0.99925	0.9997	0.99986	0.99992	0.99996
6.94	0.24653	0.99823	0.99926	0.9997	0.99986	0.99992	0.99996
6.95	0.24681	0.99824	0.99926	0.9997	0.99986	0.99992	0.99996
6.96	0.2471	0.99826	0.99927	0.99971	0.99986	0.99992	0.99996
6.97	0.24739	0.99827	0.99927	0.99971	0.99986	0.99992	0.99996
6.98	0.24768	0.99828	0.99928	0.99971	0.99986	0.99992	0.99996
6.99	0.24797	0.9983	0.99929	0.99971	0.99987	0.99992	0.99996
7	0.24826	0.99831	0.99929	0.99972	0.99987	0.99992	0.99996
7.01	0.24855	0.99832	0.9993	0.99972	0.99987	0.99992	0.99996
7.02	0.24884	0.99833	0.9993	0.99972	0.99987	0.99992	0.99996
7.03	0.24913	0.99835	0.99931	0.99972	0.99987	0.99993	0.99996
7.04	0.24941	0.99836	0.99931	0.99973	0.99987	0.99993	0.99996
7.05	0.2497	0.99837	0.99932	0.99973	0.99987	0.99993	0.99996
7.06	0.24999	0.99838	0.99932	0.99973	0.99987	0.99993	0.99996
7.07	0.25028	0.99839	0.99933	0.99973	0.99988	0.99993	0.99996
7.08	0.25057	0.99841	0.99934	0.99974	0.99988	0.99993	0.99997
7.09	0.25085	0.99842	0.99934	0.99974	0.99988	0.99993	0.99997
7.1	0.25114	0.99843	0.99935	0.99974	0.99988	0.99993	0.99997
7.11	0.25143	0.99844	0.99935	0.99974	0.99988	0.99993	0.99997
7.12	0.25172	0.99845	0.99936	0.99974	0.99988	0.99993	0.99997
7.13	0.252	0.99846	0.99936	0.99975	0.99988	0.99993	0.99997
7.14	0.25229	0.99847	0.99937	0.99975	0.99988	0.99993	0.99997
7.15	0.25258	0.99849	0.99937	0.99975	0.99988	0.99993	0.99997
7.16	0.25286	0.9985	0.99938	0.99975	0.99988	0.99993	0.99997
7.17	0.25315	0.99851	0.99938	0.99976	0.99989	0.99993	0.99997
7.18	0.25344	0.99852	0.99939	0.99976	0.99989	0.99994	0.99997
7.19	0.25373	0.99853	0.99939	0.99976	0.99989	0.99994	0.99997
7.2	0.25401	0.99854	0.9994	0.99976	0.99989	0.99994	0.99997
7.21	0.2543	0.99855	0.9994	0.99976	0.99989	0.99994	0.99997
7.22	0.25458	0.99856	0.99941	0.99977	0.99989	0.99994	0.99997
7.23	0.25487	0.99857	0.99941	0.99977	0.99989	0.99994	0.99997
7.24	0.25516	0.99858	0.99942	0.99977	0.99989	0.99994	0.99997
7.25	0.25544	0.99859	0.99942	0.99977	0.99989	0.99994	0.99997
7.26	0.25573	0.9986	0.99943	0.99977	0.9999	0.99994	0.99997
7.27	0.25601	0.99861	0.99943	0.99978	0.9999	0.99994	0.99997
7.28	0.2563	0.99862	0.99944	0.99978	0.9999	0.99994	0.99997
7.29	0.25659	0.99863	0.99944	0.99978	0.9999	0.99994	0.99997
7.3	0.25687	0.99864	0.99944	0.99978	0.9999	0.99994	0.99997
7.31	0.25716	0.99865	0.99945	0.99978	0.9999	0.99994	0.99997
7.32	0.25744	0.99866	0.99945	0.99979	0.9999	0.99994	0.99997
7.33	0.25773	0.99867	0.99946	0.99979	0.9999	0.99994	0.99997
7.34	0.25801	0.99868	0.99946	0.99979	0.9999	0.99994	0.99997
7.35	0.2583	0.99869	0.99947	0.99979	0.9999	0.99994	0.99997
7.36	0.25858	0.9987	0.99947	0.99979	0.9999	0.99995	0.99997
7.37	0.25887	0.99871	0.99948	0.99979	0.99991	0.99995	0.99997
7.38	0.25915	0.99872	0.99948	0.9998	0.99991	0.99995	0.99997
7.39	0.25944	0.99873	0.99948	0.9998	0.99991	0.99995	0.99997
7.4	0.25972	0.99874	0.99949	0.9998	0.99991	0.99995	0.99997
7.41	0.26	0.99875	0.99949	0.9998	0.99991	0.99995	0.99997
7.42	0.26029	0.99876	0.9995	0.9998	0.99991	0.99995	0.99997
7.43	0.26057	0.99877	0.9995	0.99981	0.99991	0.99995	0.99998
7.44	0.26086	0.99878	0.9995	0.99981	0.99991	0.99995	0.99998
7.45	0.26114	0.99879	0.99951	0.99981	0.99991	0.99995	0.99998
7.46	0.26142	0.9988	0.99951	0.99981	0.99991	0.99995	0.99998
7.47	0.26171	0.99881	0.99952	0.99981	0.99991	0.99995	0.99998
7.48	0.26199	0.99881	0.99952	0.99981	0.99991	0.99995	0.99998
7.49	0.26227	0.99882	0.99952	0.99982	0.99992	0.99995	0.99998
7.5	0.26256	0.99883	0.99953	0.99982	0.99992	0.99995	0.99998
7.51	0.26284	0.99884	0.99953	0.99982	0.99992	0.99995	0.99998
7.52	0.26312	0.99885	0.99954	0.99982	0.99992	0.99995	0.99998
7.53	0.26341	0.99886	0.99954	0.99982	0.99992	0.99995	0.99998
7.54	0.26369	0.99887	0.99954	0.99982	0.99992	0.99995	0.99998
7.55	0.26397	0.99887	0.99955	0.99982	0.99992	0.99995	0.99998
7.56	0.26425	0.99888	0.99955	0.99983	0.99992	0.99995	0.99998
7.57	0.26454	0.99889	0.99955	0.99983	0.99992	0.99996	0.99998
7.58	0.26482	0.9989	0.99956	0.99983	0.99992	0.99996	0.99998
7.59	0.2651	0.99891	0.99956	0.99983	0.99992	0.99996	0.99998
7.6	0.26538	0.99891	0.99956	0.99983	0.99992	0.99996	0.99998
7.61	0.26567	0.99892	0.99957	0.99983	0.99992	0.99996	0.99998
7.62	0.26595	0.99893	0.99957	0.99984	0.99992	0.99996	0.99998
7.63	0.26623	0.99894	0.99958	0.99984	0.99993	0.99996	0.99998
7.64	0.26651	0.99895	0.99958	0.99984	0.99993	0.99996	0.99998
7.65	0.26679	0.99895	0.99958	0.99984	0.99993	0.99996	0.99998
7.66	0.26707	0.99896	0.99959	0.99984	0.99993	0.99996	0.99998
7.67	0.26736	0.99897	0.99959	0.99984	0.99993	0.99996	0.99998
7.68	0.26764	0.99898	0.99959	0.99984	0.99993	0.99996	0.99998
7.69	0.26792	0.99898	0.9996	0.99984	0.99993	0.99996	0.99998
7.7	0.2682	0.99899	0.9996	0.99985	0.99993	0.99996	0.99998
7.71	0.26848	0.999	0.9996	0.99985	0.99993	0.99996	0.99998
7.72	0.26876	0.99901	0.99961	0.99985	0.99993	0.99996	0.99998
7.73	0.26904	0.99901	0.99961	0.99985	0.99993	0.99996	0.99998
7.74	0.26932	0.99902	0.99961	0.99985	0.99993	0.99996	0.99998
7.75	0.2696	0.99903	0.99961	0.99985	0.99993	0.99996	0.99998
7.76	0.26988	0.99904	0.99962	0.99985	0.99993	0.99996	0.99998
7.77	0.27016	0.99904	0.99962	0.99986	0.99993	0.99996	0.99998
7.78	0.27044	0.99905	0.99962	0.99986	0.99993	0.99996	0.99998
7.79	0.27072	0.99906	0.99963	0.99986	0.99994	0.99996	0.99998
7.8	0.271	0.99906	0.99963	0.99986	0.99994	0.99996	0.99998
7.81	0.27128	0.99907	0.99963	0.99986	0.99994	0.99996	0.99998
7.82	0.27156	0.99908	0.99964	0.99986	0.99994	0.99996	0.99998
7.83	0.27184	0.99908	0.99964	0.99986	0.99994	0.99996	0.99998
7.84	0.27212	0.99909	0.99964	0.99986	0.99994	0.99997	0.99998
7.85	0.2724	0.9991	0.99964	0.99987	0.99994	0.99997	0.99998
7.86	0.27268	0.9991	0.99965	0.99987	0.99994	0.99997	0.99998
7.87	0.27296	0.99911	0.99965	0.99987	0.99994	0.99997	0.99998
7.88	0.27324	0.99912	0.99965	0.99987	0.99994	0.99997	0.99998
7.89	0.27352	0.99912	0.99966	0.99987	0.99994	0.99997	0.99998
7.9	0.2738	0.99913	0.99966	0.99987	0.99994	0.99997	0.99998
7.91	0.27408	0.99914	0.99966	0.99987	0.99994	0.99997	0.99998
7.92	0.27436	0.99914	0.99966	0.99987	0.99994	0.99997	0.99998
7.93	0.27463	0.99915	0.99967	0.99987	0.99994	0.99997	0.99998
7.94	0.27491	0.99916	0.99967	0.99988	0.99994	0.99997	0.99998
7.95	0.27519	0.99916	0.99967	0.99988	0.99994	0.99997	0.99998
7.96	0.27547	0.99917	0.99968	0.99988	0.99994	0.99997	0.99999
7.97	0.27575	0.99917	0.99968	0.99988	0.99995	0.99997	0.99999
7.98	0.27603	0.99918	0.99968	0.99988	0.99995	0.99997	0.99999
7.99	0.2763	0.99919	0.99968	0.99988	0.99995	0.99997	0.99999
8	0.27658	0.99919	0.99969	0.99988	0.99995	0.99997	0.99999
8.01	0.27686	0.9992	0.99969	0.99988	0.99995	0.99997	0.99999
8.02	0.27714	0.9992	0.99969	0.99988	0.99995	0.99997	0.99999
8.03	0.27742	0.99921	0.99969	0.99988	0.99995	0.99997	0.99999
8.04	0.27769	0.99922	0.9997	0.99989	0.99995	0.99997	0.99999
8.05	0.27797	0.99922	0.9997	0.99989	0.99995	0.99997	0.99999
8.06	0.27825	0.99923	0.9997	0.99989	0.99995	0.99997	0.99999
8.07	0.27852	0.99923	0.9997	0.99989	0.99995	0.99997	0.99999
8.08	0.2788	0.99924	0.99971	0.99989	0.99995	0.99997	0.99999
8.09	0.27908	0.99924	0.99971	0.99989	0.99995	0.99997	0.99999
8.1	0.27935	0.99925	0.99971	0.99989	0.99995	0.99997	0.99999
8.11	0.27963	0.99926	0.99971	0.99989	0.99995	0.99997	0.99999
8.12	0.27991	0.99926	0.99971	0.99989	0.99995	0.99997	0.99999
8.13	0.28018	0.99927	0.99972	0.99989	0.99995	0.99997	0.99999
8.14	0.28046	0.99927	0.99972	0.9999	0.99995	0.99997	0.99999
8.15	0.28074	0.99928	0.99972	0.9999	0.99995	0.99997	0.99999
8.16	0.28101	0.99928	0.99972	0.9999	0.99995	0.99997	0.99999
8.17	0.28129	0.99929	0.99973	0.9999	0.99995	0.99997	0.99999
8.18	0.28157	0.99929	0.99973	0.9999	0.99996	0.99997	0.99999
8.19	0.28184	0.9993	0.99973	0.9999	0.99996	0.99998	0.99999
8.2	0.28212	0.9993	0.99973	0.9999	0.99996	0.99998	0.99999
8.21	0.28239	0.99931	0.99973	0.9999	0.99996	0.99998	0.99999
8.22	0.28267	0.99931	0.99974	0.9999	0.99996	0.99998	0.99999
8.23	0.28294	0.99932	0.99974	0.9999	0.99996	0.99998	0.99999
8.24	0.28322	0.99932	0.99974	0.9999	0.99996	0.99998	0.99999
8.25	0.28349	0.99933	0.99974	0.99991	0.99996	0.99998	0.99999
8.26	0.28377	0.99933	0.99975	0.99991	0.99996	0.99998	0.99999
8.27	0.28404	0.99934	0.99975	0.99991	0.99996	0.99998	0.99999
8.28	0.28432	0.99934	0.99975	0.99991	0.99996	0.99998	0.99999
8.29	0.28459	0.99935	0.99975	0.99991	0.99996	0.99998	0.99999
8.3	0.28487	0.99935	0.99975	0.99991	0.99996	0.99998	0.99999
8.31	0.28514	0.99936	0.99976	0.99991	0.99996	0.99998	0.99999
8.32	0.28542	0.99936	0.99976	0.99991	0.99996	0.99998	0.99999
8.33	0.28569	0.99937	0.99976	0.99991	0.99996	0.99998	0.99999
8.34	0.28597	0.99937	0.99976	0.99991	0.99996	0.99998	0.99999
8.35	0.28624	0.99938	0.99976	0.99991	0.99996	0.99998	0.99999
8.36	0.28651	0.99938	0.99977	0.99991	0.99996	0.99998	0.99999
8.37	0.28679	0.99939	0.99977	0.99991	0.99996	0.99998	0.99999
8.38	0.28706	0.99939	0.99977	0.99992	0.99996	0.99998	0.99999
8.39	0.28734	0.9994	0.99977	0.99992	0.99996	0.99998	0.99999
8.4	0.28761	0.9994	0.99977	0.99992	0.99996	0.99998	0.99999
8.41	0.28788	0.9994	0.99977	0.99992	0.99996	0.99998	0.99999
8.42	0.28816	0.99941	0.99978	0.99992	0.99996	0.99998	0.99999
8.43	0.28843	0.99941	0.99978	0.99992	0.99996	0.99998	0.99999
8.44	0.2887	0.99942	0.99978	0.99992	0.99996	0.99998	0.99999
8.45	0.28898	0.99942	0.99978	0.99992	0.99996	0.99998	0.99999
8.46	0.28925	0.99943	0.99978	0.99992	0.99997	0.99998	0.99999
8.47	0.28952	0.99943	0.99979	0.99992	0.99997	0.99998	0.99999
8.48	0.2898	0.99943	0.99979	0.99992	0.99997	0.99998	0.99999
8.49	0.29007	0.99944	0.99979	0.99992	0.99997	0.99998	0.99999
8.5	0.29034	0.99944	0.99979	0.99992	0.99997	0.99998	0.99999
8.51	0.29061	0.99945	0.99979	0.99992	0.99997	0.99998	0.99999
8.52	0.29089	0.99945	0.99979	0.99993	0.99997	0.99998	0.99999
8.53	0.29116	0.99945	0.9998	0.99993	0.99997	0.99998	0.99999
8.54	0.29143	0.99946	0.9998	0.99993	0.99997	0.99998	0.99999
8.55	0.2917	0.99946	0.9998	0.99993	0.99997	0.99998	0.99999
8.56	0.29197	0.99947	0.9998	0.99993	0.99997	0.99998	0.99999
8.57	0.29225	0.99947	0.9998	0.99993	0.99997	0.99998	0.99999
8.58	0.29252	0.99947	0.9998	0.99993	0.99997	0.99998	0.99999
8.59	0.29279	0.99948	0.99981	0.99993	0.99997	0.99998	0.99999
8.6	0.29306	0.99948	0.99981	0.99993	0.99997	0.99998	0.99999
8.61	0.29333	0.99949	0.99981	0.99993	0.99997	0.99998	0.99999
8.62	0.2936	0.99949	0.99981	0.99993	0.99997	0.99998	0.99999
8.63	0.29387	0.99949	0.99981	0.99993	0.99997	0.99998	0.99999
8.64	0.29415	0.9995	0.99981	0.99993	0.99997	0.99998	0.99999
8.65	0.29442	0.9995	0.99981	0.99993	0.99997	0.99998	0.99999
8.66	0.29469	0.9995	0.99982	0.99993	0.99997	0.99998	0.99999
8.67	0.29496	0.99951	0.99982	0.99993	0.99997	0.99998	0.99999
8.68	0.29523	0.99951	0.99982	0.99993	0.99997	0.99998	0.99999
8.69	0.2955	0.99952	0.99982	0.99994	0.99997	0.99998	0.99999
8.7	0.29577	0.99952	0.99982	0.99994	0.99997	0.99998	0.99999
8.71	0.29604	0.99952	0.99982	0.99994	0.99997	0.99998	0.99999
8.72	0.29631	0.99953	0.99982	0.99994	0.99997	0.99998	0.99999
8.73	0.29658	0.99953	0.99983	0.99994	0.99997	0.99999	0.99999
8.74	0.29685	0.99953	0.99983	0.99994	0.99997	0.99999	0.99999
8.75	0.29712	0.99954	0.99983	0.99994	0.99997	0.99999	0.99999
8.76	0.29739	0.99954	0.99983	0.99994	0.99997	0.99999	0.99999
8.77	0.29766	0.99954	0.99983	0.99994	0.99997	0.99999	0.99999
8.78	0.29793	0.99955	0.99983	0.99994	0.99997	0.99999	0.99999
8.79	0.2982	0.99955	0.99983	0.99994	0.99997	0.99999	0.99999
8.8	0.29847	0.99955	0.99984	0.99994	0.99997	0.99999	0.99999
8.81	0.29874	0.99956	0.99984	0.99994	0.99997	0.99999	0.99999
8.82	0.29901	0.99956	0.99984	0.99994	0.99998	0.99999	0.99999
8.83	0.29928	0.99956	0.99984	0.99994	0.99998	0.99999	0.99999
8.84	0.29955	0.99957	0.99984	0.99994	0.99998	0.99999	0.99999
8.85	0.29982	0.99957	0.99984	0.99994	0.99998	0.99999	0.99999
8.86	0.30008	0.99957	0.99984	0.99994	0.99998	0.99999	0.99999
8.87	0.30035	0.99958	0.99984	0.99994	0.99998	0.99999	0.99999
8.88	0.30062	0.99958	0.99985	0.99995	0.99998	0.99999	0.99999
8.89	0.30089	0.99958	0.99985	0.99995	0.99998	0.99999	0.99999
8.9	0.30116	0.99959	0.99985	0.99995	0.99998	0.99999	0.99999
8.91	0.30143	0.99959	0.99985	0.99995	0.99998	0.99999	0.99999
8.92	0.3017	0.99959	0.99985	0.99995	0.99998	0.99999	0.99999
8.93	0.30196	0.99959	0.99985	0.99995	0.99998	0.99999	0.99999
8.94	0.30223	0.9996	0.99985	0.99995	0.99998	0.99999	0.99999
8.95	0.3025	0.9996	0.99985	0.99995	0.99998	0.99999	0.99999
8.96	0.30277	0.9996	0.99986	0.99995	0.99998	0.99999	0.99999
8.97	0.30303	0.99961	0.99986	0.99995	0.99998	0.99999	0.99999
8.98	0.3033	0.99961	0.99986	0.99995	0.99998	0.99999	0.99999
8.99	0.30357	0.99961	0.99986	0.99995	0.99998	0.99999	0.99999
9	0.30384	0.99962	0.99986	0.99995	0.99998	0.99999	0.99999
9.01	0.3041	0.99962	0.99986	0.99995	0.99998	0.99999	0.99999
9.02	0.30437	0.99962	0.99986	0.99995	0.99998	0.99999	0.99999
9.03	0.30464	0.99962	0.99986	0.99995	0.99998	0.99999	0.99999
9.04	0.30491	0.99963	0.99986	0.99995	0.99998	0.99999	0.99999
9.05	0.30517	0.99963	0.99987	0.99995	0.99998	0.99999	0.99999
9.06	0.30544	0.99963	0.99987	0.99995	0.99998	0.99999	0.99999
9.07	0.30571	0.99963	0.99987	0.99995	0.99998	0.99999	0.99999
9.08	0.30597	0.99964	0.99987	0.99995	0.99998	0.99999	0.99999
9.09	0.30624	0.99964	0.99987	0.99995	0.99998	0.99999	1
9.1	0.30651	0.99964	0.99987	0.99996	0.99998	0.99999	1
9.11	0.30677	0.99965	0.99987	0.99996	0.99998	0.99999	1
9.12	0.30704	0.99965	0.99987	0.99996	0.99998	0.99999	1
9.13	0.3073	0.99965	0.99987	0.99996	0.99998	0.99999	1
9.14	0.30757	0.99965	0.99988	0.99996	0.99998	0.99999	1
9.15	0.30784	0.99966	0.99988	0.99996	0.99998	0.99999	1
9.16	0.3081	0.99966	0.99988	0.99996	0.99998	0.99999	1
9.17	0.30837	0.99966	0.99988	0.99996	0.99998	0.99999	1
9.18	0.30863	0.99966	0.99988	0.99996	0.99998	0.99999	1
9.19	0.3089	0.99967	0.99988	0.99996	0.99998	0.99999	1
9.2	0.30916	0.99967	0.99988	0.99996	0.99998	0.99999	1
9.21	0.30943	0.99967	0.99988	0.99996	0.99998	0.99999	1
9.22	0.30969	0.99967	0.99988	0.99996	0.99998	0.99999	1
9.23	0.30996	0.99968	0.99988	0.99996	0.99998	0.99999	1
9.24	0.31022	0.99968	0.99989	0.99996	0.99998	0.99999	1
9.25	0.31049	0.99968	0.99989	0.99996	0.99998	0.99999	1
9.26	0.31075	0.99968	0.99989	0.99996	0.99998	0.99999	1
9.27	0.31102	0.99968	0.99989	0.99996	0.99998	0.99999	1
9.28	0.31128	0.99969	0.99989	0.99996	0.99998	0.99999	1
9.29	0.31155	0.99969	0.99989	0.99996	0.99998	0.99999	1
9.3	0.31181	0.99969	0.99989	0.99996	0.99998	0.99999	1
9.31	0.31208	0.99969	0.99989	0.99996	0.99998	0.99999	1
9.32	0.31234	0.9997	0.99989	0.99996	0.99998	0.99999	1
9.33	0.3126	0.9997	0.99989	0.99996	0.99998	0.99999	1
9.34	0.31287	0.9997	0.99989	0.99996	0.99998	0.99999	1
9.35	0.31313	0.9997	0.9999	0.99996	0.99998	0.99999	1
9.36	0.3134	0.99971	0.9999	0.99996	0.99998	0.99999	1
9.37	0.31366	0.99971	0.9999	0.99996	0.99998	0.99999	1
9.38	0.31392	0.99971	0.9999	0.99996	0.99999	0.99999	1
9.39	0.31419	0.99971	0.9999	0.99997	0.99999	0.99999	1
9.4	0.31445	0.99971	0.9999	0.99997	0.99999	0.99999	1
9.41	0.31471	0.99972	0.9999	0.99997	0.99999	0.99999	1
9.42	0.31498	0.99972	0.9999	0.99997	0.99999	0.99999	1
9.43	0.31524	0.99972	0.9999	0.99997	0.99999	0.99999	1
9.44	0.3155	0.99972	0.9999	0.99997	0.99999	0.99999	1
9.45	0.31576	0.99972	0.9999	0.99997	0.99999	0.99999	1
9.46	0.31603	0.99973	0.9999	0.99997	0.99999	0.99999	1
9.47	0.31629	0.99973	0.9999	0.99997	0.99999	0.99999	1
9.48	0.31655	0.99973	0.99991	0.99997	0.99999	0.99999	1
9.49	0.31682	0.99973	0.99991	0.99997	0.99999	0.99999	1
9.5	0.31708	0.99973	0.99991	0.99997	0.99999	0.99999	1
9.51	0.31734	0.99974	0.99991	0.99997	0.99999	0.99999	1
9.52	0.3176	0.99974	0.99991	0.99997	0.99999	0.99999	1
9.53	0.31786	0.99974	0.99991	0.99997	0.99999	0.99999	1
9.54	0.31813	0.99974	0.99991	0.99997	0.99999	0.99999	1
9.55	0.31839	0.99974	0.99991	0.99997	0.99999	0.99999	1
9.56	0.31865	0.99975	0.99991	0.99997	0.99999	0.99999	1
9.57	0.31891	0.99975	0.99991	0.99997	0.99999	0.99999	1
9.58	0.31917	0.99975	0.99991	0.99997	0.99999	0.99999	1
9.59	0.31943	0.99975	0.99991	0.99997	0.99999	0.99999	1
9.6	0.3197	0.99975	0.99991	0.99997	0.99999	0.99999	1
9.61	0.31996	0.99975	0.99992	0.99997	0.99999	0.99999	1
9.62	0.32022	0.99976	0.99992	0.99997	0.99999	0.99999	1
9.63	0.32048	0.99976	0.99992	0.99997	0.99999	0.99999	1
9.64	0.32074	0.99976	0.99992	0.99997	0.99999	0.99999	1
9.65	0.321	0.99976	0.99992	0.99997	0.99999	0.99999	1
9.66	0.32126	0.99976	0.99992	0.99997	0.99999	0.99999	1
9.67	0.32152	0.99977	0.99992	0.99997	0.99999	0.99999	1
9.68	0.32178	0.99977	0.99992	0.99997	0.99999	0.99999	1
9.69	0.32204	0.99977	0.99992	0.99997	0.99999	0.99999	1
9.7	0.3223	0.99977	0.99992	0.99997	0.99999	0.99999	1
9.71	0.32256	0.99977	0.99992	0.99997	0.99999	0.99999	1
9.72	0.32282	0.99977	0.99992	0.99997	0.99999	0.99999	1
9.73	0.32308	0.99978	0.99992	0.99997	0.99999	0.99999	1
9.74	0.32334	0.99978	0.99992	0.99997	0.99999	0.99999	1
9.75	0.3236	0.99978	0.99992	0.99997	0.99999	0.99999	1
9.76	0.32386	0.99978	0.99992	0.99997	0.99999	0.99999	1
9.77	0.32412	0.99978	0.99993	0.99998	0.99999	0.99999	1
9.78	0.32438	0.99978	0.99993	0.99998	0.99999	0.99999	1
9.79	0.32464	0.99979	0.99993	0.99998	0.99999	0.99999	1
9.8	0.3249	0.99979	0.99993	0.99998	0.99999	0.99999	1
9.81	0.32516	0.99979	0.99993	0.99998	0.99999	0.99999	1
9.82	0.32542	0.99979	0.99993	0.99998	0.99999	0.99999	1
9.83	0.32568	0.99979	0.99993	0.99998	0.99999	0.99999	1
9.84	0.32594	0.99979	0.99993	0.99998	0.99999	0.99999	1
9.85	0.3262	0.99979	0.99993	0.99998	0.99999	0.99999	1
9.86	0.32645	0.9998	0.99993	0.99998	0.99999	0.99999	1
9.87	0.32671	0.9998	0.99993	0.99998	0.99999	0.99999	1
9.88	0.32697	0.9998	0.99993	0.99998	0.99999	0.99999	1
9.89	0.32723	0.9998	0.99993	0.99998	0.99999	0.99999	1
9.9	0.32749	0.9998	0.99993	0.99998	0.99999	1	1
9.91	0.32775	0.9998	0.99993	0.99998	0.99999	1	1
9.92	0.328	0.99981	0.99993	0.99998	0.99999	1	1
9.93	0.32826	0.99981	0.99993	0.99998	0.99999	1	1
9.94	0.32852	0.99981	0.99994	0.99998	0.99999	1	1
9.95	0.32878	0.99981	0.99994	0.99998	0.99999	1	1
9.96	0.32904	0.99981	0.99994	0.99998	0.99999	1	1
9.97	0.32929	0.99981	0.99994	0.99998	0.99999	1	1
9.98	0.32955	0.99981	0.99994	0.99998	0.99999	1	1
9.99	0.32981	0.99982	0.99994	0.99998	0.99999	1	1
10	0.33007	0.99982	0.99994	0.99998	0.99999	1	1
10.01	0.33032	0.99982	0.99994	0.99998	0.99999	1	1
10.02	0.33058	0.99982	0.99994	0.99998	0.99999	1	1
10.03	0.33084	0.99982	0.99994	0.99998	0.99999	1	1
10.04	0.33109	0.99982	0.99994	0.99998	0.99999	1	1
10.05	0.33135	0.99982	0.99994	0.99998	0.99999	1	1
10.06	0.33161	0.99982	0.99994	0.99998	0.99999	1	1
10.07	0.33186	0.99983	0.99994	0.99998	0.99999	1	1
10.08	0.33212	0.99983	0.99994	0.99998	0.99999	1	1
10.09	0.33238	0.99983	0.99994	0.99998	0.99999	1	1
10.1	0.33263	0.99983	0.99994	0.99998	0.99999	1	1
10.11	0.33289	0.99983	0.99994	0.99998	0.99999	1	1
10.12	0.33315	0.99983	0.99994	0.99998	0.99999	1	1
10.13	0.3334	0.99983	0.99994	0.99998	0.99999	1	1
10.14	0.33366	0.99983	0.99994	0.99998	0.99999	1	1
10.15	0.33391	0.99984	0.99995	0.99998	0.99999	1	1
10.16	0.33417	0.99984	0.99995	0.99998	0.99999	1	1
10.17	0.33443	0.99984	0.99995	0.99998	0.99999	1	1
10.18	0.33468	0.99984	0.99995	0.99998	0.99999	1	1
10.19	0.33494	0.99984	0.99995	0.99998	0.99999	1	1
10.2	0.33519	0.99984	0.99995	0.99998	0.99999	1	1
10.21	0.33545	0.99984	0.99995	0.99998	0.99999	1	1
10.22	0.3357	0.99984	0.99995	0.99998	0.99999	1	1
10.23	0.33596	0.99985	0.99995	0.99998	0.99999	1	1
10.24	0.33621	0.99985	0.99995	0.99998	0.99999	1	1
10.25	0.33647	0.99985	0.99995	0.99998	0.99999	1	1
10.26	0.33672	0.99985	0.99995	0.99998	0.99999	1	1
10.27	0.33698	0.99985	0.99995	0.99998	0.99999	1	1
10.28	0.33723	0.99985	0.99995	0.99998	0.99999	1	1
10.29	0.33749	0.99985	0.99995	0.99998	0.99999	1	1
10.3	0.33774	0.99985	0.99995	0.99998	0.99999	1	1
10.31	0.33799	0.99985	0.99995	0.99998	0.99999	1	1
10.32	0.33825	0.99986	0.99995	0.99998	0.99999	1	1
10.33	0.3385	0.99986	0.99995	0.99998	0.99999	1	1
10.34	0.33876	0.99986	0.99995	0.99998	0.99999	1	1
10.35	0.33901	0.99986	0.99995	0.99998	0.99999	1	1
10.36	0.33926	0.99986	0.99995	0.99999	0.99999	1	1
10.37	0.33952	0.99986	0.99995	0.99999	0.99999	1	1
10.38	0.33977	0.99986	0.99995	0.99999	0.99999	1	1
10.39	0.34002	0.99986	0.99995	0.99999	0.99999	1	1
10.4	0.34028	0.99986	0.99996	0.99999	0.99999	1	1
10.41	0.34053	0.99986	0.99996	0.99999	0.99999	1	1
10.42	0.34078	0.99987	0.99996	0.99999	0.99999	1	1
10.43	0.34104	0.99987	0.99996	0.99999	0.99999	1	1
10.44	0.34129	0.99987	0.99996	0.99999	0.99999	1	1
10.45	0.34154	0.99987	0.99996	0.99999	0.99999	1	1
10.46	0.3418	0.99987	0.99996	0.99999	0.99999	1	1
10.47	0.34205	0.99987	0.99996	0.99999	0.99999	1	1
10.48	0.3423	0.99987	0.99996	0.99999	0.99999	1	1
10.49	0.34255	0.99987	0.99996	0.99999	0.99999	1	1
10.5	0.34281	0.99987	0.99996	0.99999	0.99999	1	1
10.51	0.34306	0.99987	0.99996	0.99999	0.99999	1	1
10.52	0.34331	0.99988	0.99996	0.99999	0.99999	1	1
10.53	0.34356	0.99988	0.99996	0.99999	0.99999	1	1
10.54	0.34382	0.99988	0.99996	0.99999	0.99999	1	1
10.55	0.34407	0.99988	0.99996	0.99999	0.99999	1	1
10.56	0.34432	0.99988	0.99996	0.99999	0.99999	1	1
10.57	0.34457	0.99988	0.99996	0.99999	1	1	1
10.58	0.34482	0.99988	0.99996	0.99999	1	1	1
10.59	0.34507	0.99988	0.99996	0.99999	1	1	1
10.6	0.34533	0.99988	0.99996	0.99999	1	1	1
10.61	0.34558	0.99988	0.99996	0.99999	1	1	1
10.62	0.34583	0.99988	0.99996	0.99999	1	1	1
10.63	0.34608	0.99988	0.99996	0.99999	1	1	1
10.64	0.34633	0.99989	0.99996	0.99999	1	1	1
10.65	0.34658	0.99989	0.99996	0.99999	1	1	1
10.66	0.34683	0.99989	0.99996	0.99999	1	1	1
10.67	0.34708	0.99989	0.99996	0.99999	1	1	1
10.68	0.34733	0.99989	0.99996	0.99999	1	1	1
10.69	0.34758	0.99989	0.99996	0.99999	1	1	1
10.7	0.34784	0.99989	0.99996	0.99999	1	1	1
10.71	0.34809	0.99989	0.99997	0.99999	1	1	1
10.72	0.34834	0.99989	0.99997	0.99999	1	1	1
10.73	0.34859	0.99989	0.99997	0.99999	1	1	1
10.74	0.34884	0.99989	0.99997	0.99999	1	1	1
10.75	0.34909	0.99989	0.99997	0.99999	1	1	1
10.76	0.34934	0.9999	0.99997	0.99999	1	1	1
10.77	0.34959	0.9999	0.99997	0.99999	1	1	1
10.78	0.34984	0.9999	0.99997	0.99999	1	1	1
10.79	0.35009	0.9999	0.99997	0.99999	1	1	1
10.8	0.35034	0.9999	0.99997	0.99999	1	1	1
10.81	0.35058	0.9999	0.99997	0.99999	1	1	1
10.82	0.35083	0.9999	0.99997	0.99999	1	1	1
10.83	0.35108	0.9999	0.99997	0.99999	1	1	1
10.84	0.35133	0.9999	0.99997	0.99999	1	1	1
10.85	0.35158	0.9999	0.99997	0.99999	1	1	1
10.86	0.35183	0.9999	0.99997	0.99999	1	1	1
10.87	0.35208	0.9999	0.99997	0.99999	1	1	1
10.88	0.35233	0.9999	0.99997	0.99999	1	1	1
10.89	0.35258	0.9999	0.99997	0.99999	1	1	1
10.9	0.35283	0.99991	0.99997	0.99999	1	1	1
10.91	0.35307	0.99991	0.99997	0.99999	1	1	1
10.92	0.35332	0.99991	0.99997	0.99999	1	1	1
10.93	0.35357	0.99991	0.99997	0.99999	1	1	1
10.94	0.35382	0.99991	0.99997	0.99999	1	1	1
10.95	0.35407	0.99991	0.99997	0.99999	1	1	1
10.96	0.35431	0.99991	0.99997	0.99999	1	1	1
10.97	0.35456	0.99991	0.99997	0.99999	1	1	1
10.98	0.35481	0.99991	0.99997	0.99999	1	1	1
10.99	0.35506	0.99991	0.99997	0.99999	1	1	1
11	0.35531	0.99991	0.99997	0.99999	1	1	1
11.01	0.35555	0.99991	0.99997	0.99999	1	1	1
11.02	0.3558	0.99991	0.99997	0.99999	1	1	1
11.03	0.35605	0.99991	0.99997	0.99999	1	1	1
11.04	0.3563	0.99991	0.99997	0.99999	1	1	1
11.05	0.35654	0.99992	0.99997	0.99999	1	1	1
11.06	0.35679	0.99992	0.99997	0.99999	1	1	1
11.07	0.35704	0.99992	0.99997	0.99999	1	1	1
11.08	0.35728	0.99992	0.99997	0.99999	1	1	1
11.09	0.35753	0.99992	0.99997	0.99999	1	1	1
11.1	0.35778	0.99992	0.99997	0.99999	1	1	1
11.11	0.35802	0.99992	0.99997	0.99999	1	1	1
11.12	0.35827	0.99992	0.99998	0.99999	1	1	1
11.13	0.35852	0.99992	0.99998	0.99999	1	1	1
11.14	0.35876	0.99992	0.99998	0.99999	1	1	1
11.15	0.35901	0.99992	0.99998	0.99999	1	1	1
11.16	0.35926	0.99992	0.99998	0.99999	1	1	1
11.17	0.3595	0.99992	0.99998	0.99999	1	1	1
11.18	0.35975	0.99992	0.99998	0.99999	1	1	1
11.19	0.35999	0.99992	0.99998	0.99999	1	1	1
11.2	0.36024	0.99992	0.99998	0.99999	1	1	1
11.21	0.36048	0.99993	0.99998	0.99999	1	1	1
11.22	0.36073	0.99993	0.99998	0.99999	1	1	1
11.23	0.36098	0.99993	0.99998	0.99999	1	1	1
11.24	0.36122	0.99993	0.99998	0.99999	1	1	1
11.25	0.36147	0.99993	0.99998	0.99999	1	1	1
11.26	0.36171	0.99993	0.99998	0.99999	1	1	1
11.27	0.36196	0.99993	0.99998	0.99999	1	1	1
11.28	0.3622	0.99993	0.99998	0.99999	1	1	1
11.29	0.36245	0.99993	0.99998	0.99999	1	1	1
11.3	0.36269	0.99993	0.99998	0.99999	1	1	1
11.31	0.36294	0.99993	0.99998	0.99999	1	1	1
11.32	0.36318	0.99993	0.99998	0.99999	1	1	1
11.33	0.36342	0.99993	0.99998	0.99999	1	1	1
11.34	0.36367	0.99993	0.99998	0.99999	1	1	1
11.35	0.36391	0.99993	0.99998	0.99999	1	1	1
11.36	0.36416	0.99993	0.99998	0.99999	1	1	1
11.37	0.3644	0.99993	0.99998	0.99999	1	1	1
11.38	0.36465	0.99993	0.99998	0.99999	1	1	1
11.39	0.36489	0.99993	0.99998	0.99999	1	1	1
11.4	0.36513	0.99993	0.99998	0.99999	1	1	1
11.41	0.36538	0.99994	0.99998	0.99999	1	1	1
11.42	0.36562	0.99994	0.99998	0.99999	1	1	1
11.43	0.36586	0.99994	0.99998	0.99999	1	1	1
11.44	0.36611	0.99994	0.99998	0.99999	1	1	1
11.45	0.36635	0.99994	0.99998	0.99999	1	1	1
11.46	0.36659	0.99994	0.99998	0.99999	1	1	1
11.47	0.36684	0.99994	0.99998	0.99999	1	1	1
11.48	0.36708	0.99994	0.99998	0.99999	1	1	1
11.49	0.36732	0.99994	0.99998	0.99999	1	1	1
11.5	0.36757	0.99994	0.99998	0.99999	1	1	1
11.51	0.36781	0.99994	0.99998	0.99999	1	1	1
11.52	0.36805	0.99994	0.99998	0.99999	1	1	1
11.53	0.3683	0.99994	0.99998	0.99999	1	1	1
11.54	0.36854	0.99994	0.99998	0.99999	1	1	1
11.55	0.36878	0.99994	0.99998	0.99999	1	1	1
11.56	0.36902	0.99994	0.99998	0.99999	1	1	1
11.57	0.36927	0.99994	0.99998	0.99999	1	1	1
11.58	0.36951	0.99994	0.99998	0.99999	1	1	1
11.59	0.36975	0.99994	0.99998	0.99999	1	1	1
11.6	0.36999	0.99994	0.99998	0.99999	1	1	1
11.61	0.37023	0.99994	0.99998	1	1	1	1
11.62	0.37048	0.99994	0.99998	1	1	1	1
11.63	0.37072	0.99995	0.99998	1	1	1	1
11.64	0.37096	0.99995	0.99998	1	1	1	1
11.65	0.3712	0.99995	0.99998	1	1	1	1
11.66	0.37144	0.99995	0.99998	1	1	1	1
11.67	0.37168	0.99995	0.99998	1	1	1	1
11.68	0.37192	0.99995	0.99998	1	1	1	1
11.69	0.37217	0.99995	0.99998	1	1	1	1
11.7	0.37241	0.99995	0.99998	1	1	1	1
11.71	0.37265	0.99995	0.99998	1	1	1	1
11.72	0.37289	0.99995	0.99998	1	1	1	1
11.73	0.37313	0.99995	0.99998	1	1	1	1
11.74	0.37337	0.99995	0.99998	1	1	1	1
11.75	0.37361	0.99995	0.99999	1	1	1	1
11.76	0.37385	0.99995	0.99999	1	1	1	1
11.77	0.37409	0.99995	0.99999	1	1	1	1
11.78	0.37433	0.99995	0.99999	1	1	1	1
11.79	0.37457	0.99995	0.99999	1	1	1	1
11.8	0.37481	0.99995	0.99999	1	1	1	1
11.81	0.37505	0.99995	0.99999	1	1	1	1
11.82	0.37529	0.99995	0.99999	1	1	1	1
11.83	0.37553	0.99995	0.99999	1	1	1	1
11.84	0.37577	0.99995	0.99999	1	1	1	1
11.85	0.37601	0.99995	0.99999	1	1	1	1
11.86	0.37625	0.99995	0.99999	1	1	1	1
11.87	0.37649	0.99995	0.99999	1	1	1	1
11.88	0.37673	0.99995	0.99999	1	1	1	1
11.89	0.37697	0.99995	0.99999	1	1	1	1
11.9	0.37721	0.99996	0.99999	1	1	1	1
11.91	0.37745	0.99996	0.99999	1	1	1	1
11.92	0.37769	0.99996	0.99999	1	1	1	1
11.93	0.37793	0.99996	0.99999	1	1	1	1
11.94	0.37816	0.99996	0.99999	1	1	1	1
11.95	0.3784	0.99996	0.99999	1	1	1	1
11.96	0.37864	0.99996	0.99999	1	1	1	1
11.97	0.37888	0.99996	0.99999	1	1	1	1
11.98	0.37912	0.99996	0.99999	1	1	1	1
11.99	0.37936	0.99996	0.99999	1	1	1	1
12	0.3796	0.99996	0.99999	1	1	1	1
12.01	0.37983	0.99996	0.99999	1	1	1	1
12.02	0.38007	0.99996	0.99999	1	1	1	1
12.03	0.38031	0.99996	0.99999	1	1	1	1
12.04	0.38055	0.99996	0.99999	1	1	1	1
12.05	0.38079	0.99996	0.99999	1	1	1	1
12.06	0.38102	0.99996	0.99999	1	1	1	1
12.07	0.38126	0.99996	0.99999	1	1	1	1
12.08	0.3815	0.99996	0.99999	1	1	1	1
12.09	0.38174	0.99996	0.99999	1	1	1	1
12.1	0.38197	0.99996	0.99999	1	1	1	1
12.11	0.38221	0.99996	0.99999	1	1	1	1
12.12	0.38245	0.99996	0.99999	1	1	1	1
12.13	0.38268	0.99996	0.99999	1	1	1	1
12.14	0.38292	0.99996	0.99999	1	1	1	1
12.15	0.38316	0.99996	0.99999	1	1	1	1
12.16	0.3834	0.99996	0.99999	1	1	1	1
12.17	0.38363	0.99996	0.99999	1	1	1	1
12.18	0.38387	0.99996	0.99999	1	1	1	1
12.19	0.38411	0.99996	0.99999	1	1	1	1
12.2	0.38434	0.99996	0.99999	1	1	1	1
12.21	0.38458	0.99996	0.99999	1	1	1	1
12.22	0.38481	0.99996	0.99999	1	1	1	1
12.23	0.38505	0.99996	0.99999	1	1	1	1
12.24	0.38529	0.99997	0.99999	1	1	1	1
12.25	0.38552	0.99997	0.99999	1	1	1	1
12.26	0.38576	0.99997	0.99999	1	1	1	1
12.27	0.38599	0.99997	0.99999	1	1	1	1
12.28	0.38623	0.99997	0.99999	1	1	1	1
12.29	0.38647	0.99997	0.99999	1	1	1	1
12.3	0.3867	0.99997	0.99999	1	1	1	1
12.31	0.38694	0.99997	0.99999	1	1	1	1
12.32	0.38717	0.99997	0.99999	1	1	1	1
12.33	0.38741	0.99997	0.99999	1	1	1	1
12.34	0.38764	0.99997	0.99999	1	1	1	1
12.35	0.38788	0.99997	0.99999	1	1	1	1
12.36	0.38811	0.99997	0.99999	1	1	1	1
12.37	0.38835	0.99997	0.99999	1	1	1	1
12.38	0.38858	0.99997	0.99999	1	1	1	1
12.39	0.38882	0.99997	0.99999	1	1	1	1
12.4	0.38905	0.99997	0.99999	1	1	1	1
12.41	0.38929	0.99997	0.99999	1	1	1	1
12.42	0.38952	0.99997	0.99999	1	1	1	1
12.43	0.38976	0.99997	0.99999	1	1	1	1
12.44	0.38999	0.99997	0.99999	1	1	1	1
12.45	0.39022	0.99997	0.99999	1	1	1	1
12.46	0.39046	0.99997	0.99999	1	1	1	1
12.47	0.39069	0.99997	0.99999	1	1	1	1
12.48	0.39093	0.99997	0.99999	1	1	1	1
12.49	0.39116	0.99997	0.99999	1	1	1	1
12.5	0.39139	0.99997	0.99999	1	1	1	1
12.51	0.39163	0.99997	0.99999	1	1	1	1
12.52	0.39186	0.99997	0.99999	1	1	1	1
12.53	0.3921	0.99997	0.99999	1	1	1	1
12.54	0.39233	0.99997	0.99999	1	1	1	1
12.55	0.39256	0.99997	0.99999	1	1	1	1
12.56	0.3928	0.99997	0.99999	1	1	1	1
12.57	0.39303	0.99997	0.99999	1	1	1	1
12.58	0.39326	0.99997	0.99999	1	1	1	1
12.59	0.39349	0.99997	0.99999	1	1	1	1
12.6	0.39373	0.99997	0.99999	1	1	1	1
12.61	0.39396	0.99997	0.99999	1	1	1	1
12.62	0.39419	0.99997	0.99999	1	1	1	1
12.63	0.39443	0.99997	0.99999	1	1	1	1
12.64	0.39466	0.99997	0.99999	1	1	1	1
12.65	0.39489	0.99997	0.99999	1	1	1	1
12.66	0.39512	0.99997	0.99999	1	1	1	1
12.67	0.39535	0.99997	0.99999	1	1	1	1
12.68	0.39559	0.99997	0.99999	1	1	1	1
12.69	0.39582	0.99997	0.99999	1	1	1	1
12.7	0.39605	0.99998	0.99999	1	1	1	1
12.71	0.39628	0.99998	0.99999	1	1	1	1
12.72	0.39651	0.99998	0.99999	1	1	1	1
12.73	0.39675	0.99998	0.99999	1	1	1	1
12.74	0.39698	0.99998	0.99999	1	1	1	1
12.75	0.39721	0.99998	0.99999	1	1	1	1
12.76	0.39744	0.99998	0.99999	1	1	1	1
12.77	0.39767	0.99998	0.99999	1	1	1	1
12.78	0.3979	0.99998	0.99999	1	1	1	1
12.79	0.39813	0.99998	0.99999	1	1	1	1
12.8	0.39837	0.99998	0.99999	1	1	1	1
12.81	0.3986	0.99998	0.99999	1	1	1	1
12.82	0.39883	0.99998	0.99999	1	1	1	1
12.83	0.39906	0.99998	0.99999	1	1	1	1
12.84	0.39929	0.99998	0.99999	1	1	1	1
12.85	0.39952	0.99998	0.99999	1	1	1	1
12.86	0.39975	0.99998	0.99999	1	1	1	1
12.87	0.39998	0.99998	0.99999	1	1	1	1
12.88	0.40021	0.99998	0.99999	1	1	1	1
12.89	0.40044	0.99998	0.99999	1	1	1	1
12.9	0.40067	0.99998	0.99999	1	1	1	1
12.91	0.4009	0.99998	0.99999	1	1	1	1
12.92	0.40113	0.99998	0.99999	1	1	1	1
12.93	0.40136	0.99998	0.99999	1	1	1	1
12.94	0.40159	0.99998	0.99999	1	1	1	1
12.95	0.40182	0.99998	0.99999	1	1	1	1
12.96	0.40205	0.99998	0.99999	1	1	1	1
12.97	0.40228	0.99998	0.99999	1	1	1	1
12.98	0.40251	0.99998	0.99999	1	1	1	1
12.99	0.40274	0.99998	0.99999	1	1	1	1
13	0.40297	0.99998	0.99999	1	1	1	1
13.01	0.4032	0.99998	0.99999	1	1	1	1
13.02	0.40343	0.99998	0.99999	1	1	1	1
13.03	0.40366	0.99998	0.99999	1	1	1	1
13.04	0.40389	0.99998	0.99999	1	1	1	1
13.05	0.40411	0.99998	0.99999	1	1	1	1
13.06	0.40434	0.99998	0.99999	1	1	1	1
13.07	0.40457	0.99998	0.99999	1	1	1	1
13.08	0.4048	0.99998	0.99999	1	1	1	1
13.09	0.40503	0.99998	0.99999	1	1	1	1
13.1	0.40526	0.99998	1	1	1	1	1
13.11	0.40549	0.99998	1	1	1	1	1
13.12	0.40571	0.99998	1	1	1	1	1
13.13	0.40594	0.99998	1	1	1	1	1
13.14	0.40617	0.99998	1	1	1	1	1
13.15	0.4064	0.99998	1	1	1	1	1
13.16	0.40663	0.99998	1	1	1	1	1
13.17	0.40685	0.99998	1	1	1	1	1
13.18	0.40708	0.99998	1	1	1	1	1
13.19	0.40731	0.99998	1	1	1	1	1
13.2	0.40754	0.99998	1	1	1	1	1
13.21	0.40776	0.99998	1	1	1	1	1
13.22	0.40799	0.99998	1	1	1	1	1
13.23	0.40822	0.99998	1	1	1	1	1
13.24	0.40845	0.99998	1	1	1	1	1
13.25	0.40867	0.99998	1	1	1	1	1
13.26	0.4089	0.99998	1	1	1	1	1
13.27	0.40913	0.99998	1	1	1	1	1
13.28	0.40935	0.99998	1	1	1	1	1
13.29	0.40958	0.99998	1	1	1	1	1
13.3	0.40981	0.99998	1	1	1	1	1
13.31	0.41003	0.99998	1	1	1	1	1
13.32	0.41026	0.99998	1	1	1	1	1
13.33	0.41049	0.99998	1	1	1	1	1
13.34	0.41071	0.99998	1	1	1	1	1
13.35	0.41094	0.99998	1	1	1	1	1
13.36	0.41117	0.99998	1	1	1	1	1
13.37	0.41139	0.99998	1	1	1	1	1
13.38	0.41162	0.99998	1	1	1	1	1
13.39	0.41184	0.99999	1	1	1	1	1
13.4	0.41207	0.99999	1	1	1	1	1
13.41	0.4123	0.99999	1	1	1	1	1
13.42	0.41252	0.99999	1	1	1	1	1
13.43	0.41275	0.99999	1	1	1	1	1
13.44	0.41297	0.99999	1	1	1	1	1
13.45	0.4132	0.99999	1	1	1	1	1
13.46	0.41342	0.99999	1	1	1	1	1
13.47	0.41365	0.99999	1	1	1	1	1
13.48	0.41387	0.99999	1	1	1	1	1
13.49	0.4141	0.99999	1	1	1	1	1
13.5	0.41432	0.99999	1	1	1	1	1
13.51	0.41455	0.99999	1	1	1	1	1
13.52	0.41477	0.99999	1	1	1	1	1
13.53	0.415	0.99999	1	1	1	1	1
13.54	0.41522	0.99999	1	1	1	1	1
13.55	0.41545	0.99999	1	1	1	1	1
13.56	0.41567	0.99999	1	1	1	1	1
13.57	0.4159	0.99999	1	1	1	1	1
13.58	0.41612	0.99999	1	1	1	1	1
13.59	0.41634	0.99999	1	1	1	1	1
13.6	0.41657	0.99999	1	1	1	1	1
13.61	0.41679	0.99999	1	1	1	1	1
13.62	0.41702	0.99999	1	1	1	1	1
13.63	0.41724	0.99999	1	1	1	1	1
13.64	0.41746	0.99999	1	1	1	1	1
13.65	0.41769	0.99999	1	1	1	1	1
13.66	0.41791	0.99999	1	1	1	1	1
13.67	0.41814	0.99999	1	1	1	1	1
13.68	0.41836	0.99999	1	1	1	1	1
13.69	0.41858	0.99999	1	1	1	1	1
13.7	0.41881	0.99999	1	1	1	1	1
13.71	0.41903	0.99999	1	1	1	1	1
13.72	0.41925	0.99999	1	1	1	1	1
13.73	0.41947	0.99999	1	1	1	1	1
13.74	0.4197	0.99999	1	1	1	1	1
13.75	0.41992	0.99999	1	1	1	1	1
13.76	0.42014	0.99999	1	1	1	1	1
13.77	0.42037	0.99999	1	1	1	1	1
13.78	0.42059	0.99999	1	1	1	1	1
13.79	0.42081	0.99999	1	1	1	1	1
13.8	0.42103	0.99999	1	1	1	1	1
13.81	0.42126	0.99999	1	1	1	1	1
13.82	0.42148	0.99999	1	1	1	1	1
13.83	0.4217	0.99999	1	1	1	1	1
13.84	0.42192	0.99999	1	1	1	1	1
13.85	0.42214	0.99999	1	1	1	1	1
13.86	0.42237	0.99999	1	1	1	1	1
13.87	0.42259	0.99999	1	1	1	1	1
13.88	0.42281	0.99999	1	1	1	1	1
13.89	0.42303	0.99999	1	1	1	1	1
13.9	0.42325	0.99999	1	1	1	1	1
13.91	0.42347	0.99999	1	1	1	1	1
13.92	0.4237	0.99999	1	1	1	1	1
13.93	0.42392	0.99999	1	1	1	1	1
13.94	0.42414	0.99999	1	1	1	1	1
13.95	0.42436	0.99999	1	1	1	1	1
13.96	0.42458	0.99999	1	1	1	1	1
13.97	0.4248	0.99999	1	1	1	1	1
13.98	0.42502	0.99999	1	1	1	1	1
13.99	0.42524	0.99999	1	1	1	1	1
14	0.42546	0.99999	1	1	1	1	1
14.01	0.42568	0.99999	1	1	1	1	1
14.02	0.4259	0.99999	1	1	1	1	1
14.03	0.42612	0.99999	1	1	1	1	1
14.04	0.42634	0.99999	1	1	1	1	1
14.05	0.42657	0.99999	1	1	1	1	1
14.06	0.42679	0.99999	1	1	1	1	1
14.07	0.42701	0.99999	1	1	1	1	1
14.08	0.42723	0.99999	1	1	1	1	1
14.09	0.42745	0.99999	1	1	1	1	1
14.1	0.42767	0.99999	1	1	1	1	1
14.11	0.42788	0.99999	1	1	1	1	1
14.12	0.4281	0.99999	1	1	1	1	1
14.13	0.42832	0.99999	1	1	1	1	1
14.14	0.42854	0.99999	1	1	1	1	1
14.15	0.42876	0.99999	1	1	1	1	1
14.16	0.42898	0.99999	1	1	1	1	1
14.17	0.4292	0.99999	1	1	1	1	1
14.18	0.42942	0.99999	1	1	1	1	1
14.19	0.42964	0.99999	1	1	1	1	1
14.2	0.42986	0.99999	1	1	1	1	1
14.21	0.43008	0.99999	1	1	1	1	1
14.22	0.4303	0.99999	1	1	1	1	1
14.23	0.43052	0.99999	1	1	1	1	1
14.24	0.43073	0.99999	1	1	1	1	1
14.25	0.43095	0.99999	1	1	1	1	1
14.26	0.43117	0.99999	1	1	1	1	1
14.27	0.43139	0.99999	1	1	1	1	1
14.28	0.43161	0.99999	1	1	1	1	1
14.29	0.43183	0.99999	1	1	1	1	1
14.3	0.43204	0.99999	1	1	1	1	1
14.31	0.43226	0.99999	1	1	1	1	1
14.32	0.43248	0.99999	1	1	1	1	1
14.33	0.4327	0.99999	1	1	1	1	1
14.34	0.43292	0.99999	1	1	1	1	1
14.35	0.43313	0.99999	1	1	1	1	1
14.36	0.43335	0.99999	1	1	1	1	1
14.37	0.43357	0.99999	1	1	1	1	1
14.38	0.43379	0.99999	1	1	1	1	1
14.39	0.434	0.99999	1	1	1	1	1
14.4	0.43422	0.99999	1	1	1	1	1
14.41	0.43444	0.99999	1	1	1	1	1
14.42	0.43466	0.99999	1	1	1	1	1
14.43	0.43487	0.99999	1	1	1	1	1
14.44	0.43509	0.99999	1	1	1	1	1
14.45	0.43531	0.99999	1	1	1	1	1
14.46	0.43552	0.99999	1	1	1	1	1
14.47	0.43574	0.99999	1	1	1	1	1
14.48	0.43596	0.99999	1	1	1	1	1
14.49	0.43617	0.99999	1	1	1	1	1
14.5	0.43639	0.99999	1	1	1	1	1
14.51	0.43661	0.99999	1	1	1	1	1
14.52	0.43682	0.99999	1	1	1	1	1
14.53	0.43704	0.99999	1	1	1	1	1
14.54	0.43725	0.99999	1	1	1	1	1
14.55	0.43747	0.99999	1	1	1	1	1
14.56	0.43769	0.99999	1	1	1	1	1
14.57	0.4379	0.99999	1	1	1	1	1
14.58	0.43812	0.99999	1	1	1	1	1
14.59	0.43833	0.99999	1	1	1	1	1
14.6	0.43855	0.99999	1	1	1	1	1
14.61	0.43877	0.99999	1	1	1	1	1
14.62	0.43898	0.99999	1	1	1	1	1
14.63	0.4392	0.99999	1	1	1	1	1
14.64	0.43941	0.99999	1	1	1	1	1
14.65	0.43963	0.99999	1	1	1	1	1
14.66	0.43984	0.99999	1	1	1	1	1
14.67	0.44006	0.99999	1	1	1	1	1
14.68	0.44027	0.99999	1	1	1	1	1
14.69	0.44049	0.99999	1	1	1	1	1
14.7	0.4407	0.99999	1	1	1	1	1
14.71	0.44092	0.99999	1	1	1	1	1
14.72	0.44113	0.99999	1	1	1	1	1
14.73	0.44135	0.99999	1	1	1	1	1
14.74	0.44156	0.99999	1	1	1	1	1
14.75	0.44178	0.99999	1	1	1	1	1
14.76	0.44199	0.99999	1	1	1	1	1
14.77	0.4422	0.99999	1	1	1	1	1
14.78	0.44242	0.99999	1	1	1	1	1
14.79	0.44263	0.99999	1	1	1	1	1
14.8	0.44285	0.99999	1	1	1	1	1
14.81	0.44306	0.99999	1	1	1	1	1
14.82	0.44327	0.99999	1	1	1	1	1
14.83	0.44349	0.99999	1	1	1	1	1
14.84	0.4437	0.99999	1	1	1	1	1
14.85	0.44391	0.99999	1	1	1	1	1
14.86	0.44413	0.99999	1	1	1	1	1
14.87	0.44434	1	1	1	1	1	1
14.88	0.44456	1	1	1	1	1	1
14.89	0.44477	1	1	1	1	1	1
14.9	0.44498	1	1	1	1	1	1
14.91	0.44519	1	1	1	1	1	1
14.92	0.44541	1	1	1	1	1	1
14.93	0.44562	1	1	1	1	1	1
14.94	0.44583	1	1	1	1	1	1
14.95	0.44605	1	1	1	1	1	1
14.96	0.44626	1	1	1	1	1	1
14.97	0.44647	1	1	1	1	1	1
14.98	0.44668	1	1	1	1	1	1
14.99	0.4469	1	1	1	1	1	1
15	0.44711	1	1	1	1	1	1
15.01	0.44732	1	1	1	1	1	1
15.02	0.44753	1	1	1	1	1	1
15.03	0.44775	1	1	1	1	1	1
15.04	0.44796	1	1	1	1	1	1
15.05	0.44817	1	1	1	1	1	1
15.06	0.44838	1	1	1	1	1	1
15.07	0.44859	1	1	1	1	1	1
15.08	0.44881	1	1	1	1	1	1
15.09	0.44902	1	1	1	1	1	1
15.1	0.44923	1	1	1	1	1	1
15.11	0.44944	1	1	1	1	1	1
15.12	0.44965	1	1	1	1	1	1
15.13	0.44986	1	1	1	1	1	1
15.14	0.45007	1	1	1	1	1	1
15.15	0.45028	1	1	1	1	1	1
15.16	0.4505	1	1	1	1	1	1
15.17	0.45071	1	1	1	1	1	1
15.18	0.45092	1	1	1	1	1	1
15.19	0.45113	1	1	1	1	1	1
15.2	0.45134	1	1	1	1	1	1
15.21	0.45155	1	1	1	1	1	1
15.22	0.45176	1	1	1	1	1	1
15.23	0.45197	1	1	1	1	1	1
15.24	0.45218	1	1	1	1	1	1
15.25	0.45239	1	1	1	1	1	1
15.26	0.4526	1	1	1	1	1	1
15.27	0.45281	1	1	1	1	1	1
15.28	0.45302	1	1	1	1	1	1
15.29	0.45323	1	1	1	1	1	1
15.3	0.45344	1	1	1	1	1	1
15.31	0.45365	1	1	1	1	1	1
15.32	0.45386	1	1	1	1	1	1
15.33	0.45407	1	1	1	1	1	1
15.34	0.45428	1	1	1	1	1	1
15.35	0.45449	1	1	1	1	1	1
15.36	0.4547	1	1	1	1	1	1
15.37	0.45491	1	1	1	1	1	1
15.38	0.45512	1	1	1	1	1	1
15.39	0.45533	1	1	1	1	1	1
15.4	0.45554	1	1	1	1	1	1
15.41	0.45575	1	1	1	1	1	1
15.42	0.45596	1	1	1	1	1	1
15.43	0.45616	1	1	1	1	1	1
15.44	0.45637	1	1	1	1	1	1
15.45	0.45658	1	1	1	1	1	1
15.46	0.45679	1	1	1	1	1	1
15.47	0.457	1	1	1	1	1	1
15.48	0.45721	1	1	1	1	1	1
15.49	0.45742	1	1	1	1	1	1
15.5	0.45762	1	1	1	1	1	1
15.51	0.45783	1	1	1	1	1	1
15.52	0.45804	1	1	1	1	1	1
15.53	0.45825	1	1	1	1	1	1
15.54	0.45846	1	1	1	1	1	1
15.55	0.45866	1	1	1	1	1	1
15.56	0.45887	1	1	1	1	1	1
15.57	0.45908	1	1	1	1	1	1
15.58	0.45929	1	1	1	1	1	1
15.59	0.4595	1	1	1	1	1	1
15.6	0.4597	1	1	1	1	1	1
15.61	0.45991	1	1	1	1	1	1
15.62	0.46012	1	1	1	1	1	1
15.63	0.46033	1	1	1	1	1	1
15.64	0.46053	1	1	1	1	1	1
15.65	0.46074	1	1	1	1	1	1
15.66	0.46095	1	1	1	1	1	1
15.67	0.46115	1	1	1	1	1	1
15.68	0.46136	1	1	1	1	1	1
15.69	0.46157	1	1	1	1	1	1
15.7	0.46177	1	1	1	1	1	1
15.71	0.46198	1	1	1	1	1	1
15.72	0.46219	1	1	1	1	1	1
15.73	0.46239	1	1	1	1	1	1
15.74	0.4626	1	1	1	1	1	1
15.75	0.46281	1	1	1	1	1	1
15.76	0.46301	1	1	1	1	1	1
15.77	0.46322	1	1	1	1	1	1
15.78	0.46343	1	1	1	1	1	1
15.79	0.46363	1	1	1	1	1	1
15.8	0.46384	1	1	1	1	1	1
15.81	0.46404	1	1	1	1	1	1
15.82	0.46425	1	1	1	1	1	1
15.83	0.46445	1	1	1	1	1	1
15.84	0.46466	1	1	1	1	1	1
15.85	0.46487	1	1	1	1	1	1
15.86	0.46507	1	1	1	1	1	1
15.87	0.46528	1	1	1	1	1	1
15.88	0.46548	1	1	1	1	1	1
15.89	0.46569	1	1	1	1	1	1
15.9	0.46589	1	1	1	1	1	1
15.91	0.4661	1	1	1	1	1	1
15.92	0.4663	1	1	1	1	1	1
15.93	0.46651	1	1	1	1	1	1
15.94	0.46671	1	1	1	1	1	1
15.95	0.46692	1	1	1	1	1	1
15.96	0.46712	1	1	1	1	1	1
15.97	0.46733	1	1	1	1	1	1
15.98	0.46753	1	1	1	1	1	1
15.99	0.46774	1	1	1	1	1	1
16	0.46794	1	1	1	1	1	1
16.01	0.46814	1	1	1	1	1	1
16.02	0.46835	1	1	1	1	1	1
16.03	0.46855	1	1	1	1	1	1
16.04	0.46876	1	1	1	1	1	1
16.05	0.46896	1	1	1	1	1	1
16.06	0.46916	1	1	1	1	1	1
16.07	0.46937	1	1	1	1	1	1
16.08	0.46957	1	1	1	1	1	1
16.09	0.46978	1	1	1	1	1	1
16.1	0.46998	1	1	1	1	1	1
16.11	0.47018	1	1	1	1	1	1
16.12	0.47039	1	1	1	1	1	1
16.13	0.47059	1	1	1	1	1	1
16.14	0.47079	1	1	1	1	1	1
16.15	0.471	1	1	1	1	1	1
16.16	0.4712	1	1	1	1	1	1
16.17	0.4714	1	1	1	1	1	1
16.18	0.4716	1	1	1	1	1	1
16.19	0.47181	1	1	1	1	1	1
16.2	0.47201	1	1	1	1	1	1
16.21	0.47221	1	1	1	1	1	1
16.22	0.47242	1	1	1	1	1	1
16.23	0.47262	1	1	1	1	1	1
16.24	0.47282	1	1	1	1	1	1
16.25	0.47302	1	1	1	1	1	1
16.26	0.47323	1	1	1	1	1	1
16.27	0.47343	1	1	1	1	1	1
16.28	0.47363	1	1	1	1	1	1
16.29	0.47383	1	1	1	1	1	1
16.3	0.47403	1	1	1	1	1	1
16.31	0.47424	1	1	1	1	1	1
16.32	0.47444	1	1	1	1	1	1
16.33	0.47464	1	1	1	1	1	1
16.34	0.47484	1	1	1	1	1	1
16.35	0.47504	1	1	1	1	1	1
16.36	0.47524	1	1	1	1	1	1
16.37	0.47545	1	1	1	1	1	1
16.38	0.47565	1	1	1	1	1	1
16.39	0.47585	1	1	1	1	1	1
16.4	0.47605	1	1	1	1	1	1
16.41	0.47625	1	1	1	1	1	1
16.42	0.47645	1	1	1	1	1	1
16.43	0.47665	1	1	1	1	1	1
16.44	0.47685	1	1	1	1	1	1
16.45	0.47706	1	1	1	1	1	1
16.46	0.47726	1	1	1	1	1	1
16.47	0.47746	1	1	1	1	1	1
16.48	0.47766	1	1	1	1	1	1
16.49	0.47786	1	1	1	1	1	1
16.5	0.47806	1	1	1	1	1	1
16.51	0.47826	1	1	1	1	1	1
16.52	0.47846	1	1	1	1	1	1
16.53	0.47866	1	1	1	1	1	1
16.54	0.47886	1	1	1	1	1	1
16.55	0.47906	1	1	1	1	1	1
16.56	0.47926	1	1	1	1	1	1
16.57	0.47946	1	1	1	1	1	1
16.58	0.47966	1	1	1	1	1	1
16.59	0.47986	1	1	1	1	1	1
16.6	0.48006	1	1	1	1	1	1
16.61	0.48026	1	1	1	1	1	1
16.62	0.48046	1	1	1	1	1	1
16.63	0.48066	1	1	1	1	1	1
16.64	0.48086	1	1	1	1	1	1
16.65	0.48106	1	1	1	1	1	1
16.66	0.48126	1	1	1	1	1	1
16.67	0.48146	1	1	1	1	1	1
16.68	0.48165	1	1	1	1	1	1
16.69	0.48185	1	1	1	1	1	1
16.7	0.48205	1	1	1	1	1	1
16.71	0.48225	1	1	1	1	1	1
16.72	0.48245	1	1	1	1	1	1
16.73	0.48265	1	1	1	1	1	1
16.74	0.48285	1	1	1	1	1	1
16.75	0.48305	1	1	1	1	1	1
16.76	0.48324	1	1	1	1	1	1
16.77	0.48344	1	1	1	1	1	1
16.78	0.48364	1	1	1	1	1	1
16.79	0.48384	1	1	1	1	1	1
16.8	0.48404	1	1	1	1	1	1
16.81	0.48424	1	1	1	1	1	1
16.82	0.48443	1	1	1	1	1	1
16.83	0.48463	1	1	1	1	1	1
16.84	0.48483	1	1	1	1	1	1
16.85	0.48503	1	1	1	1	1	1
16.86	0.48522	1	1	1	1	1	1
16.87	0.48542	1	1	1	1	1	1
16.88	0.48562	1	1	1	1	1	1
16.89	0.48582	1	1	1	1	1	1
16.9	0.48602	1	1	1	1	1	1
16.91	0.48621	1	1	1	1	1	1
16.92	0.48641	1	1	1	1	1	1
16.93	0.48661	1	1	1	1	1	1
16.94	0.4868	1	1	1	1	1	1
16.95	0.487	1	1	1	1	1	1
16.96	0.4872	1	1	1	1	1	1
16.97	0.48739	1	1	1	1	1	1
16.98	0.48759	1	1	1	1	1	1
16.99	0.48779	1	1	1	1	1	1
17	0.48799	1	1	1	1	1	1
17.01	0.48818	1	1	1	1	1	1
17.02	0.48838	1	1	1	1	1	1
17.03	0.48857	1	1	1	1	1	1
17.04	0.48877	1	1	1	1	1	1
17.05	0.48897	1	1	1	1	1	1
17.06	0.48916	1	1	1	1	1	1
17.07	0.48936	1	1	1	1	1	1
17.08	0.48956	1	1	1	1	1	1
17.09	0.48975	1	1	1	1	1	1
17.1	0.48995	1	1	1	1	1	1
17.11	0.49014	1	1	1	1	1	1
17.12	0.49034	1	1	1	1	1	1
17.13	0.49054	1	1	1	1	1	1
17.14	0.49073	1	1	1	1	1	1
17.15	0.49093	1	1	1	1	1	1
17.16	0.49112	1	1	1	1	1	1
17.17	0.49132	1	1	1	1	1	1
17.18	0.49151	1	1	1	1	1	1
17.19	0.49171	1	1	1	1	1	1
17.2	0.4919	1	1	1	1	1	1
17.21	0.4921	1	1	1	1	1	1
17.22	0.49229	1	1	1	1	1	1
17.23	0.49249	1	1	1	1	1	1
17.24	0.49268	1	1	1	1	1	1
17.25	0.49288	1	1	1	1	1	1
17.26	0.49307	1	1	1	1	1	1
17.27	0.49327	1	1	1	1	1	1
17.28	0.49346	1	1	1	1	1	1
17.29	0.49366	1	1	1	1	1	1
17.3	0.49385	1	1	1	1	1	1
17.31	0.49404	1	1	1	1	1	1
17.32	0.49424	1	1	1	1	1	1
17.33	0.49443	1	1	1	1	1	1
17.34	0.49463	1	1	1	1	1	1
17.35	0.49482	1	1	1	1	1	1
17.36	0.49502	1	1	1	1	1	1
17.37	0.49521	1	1	1	1	1	1
17.38	0.4954	1	1	1	1	1	1
17.39	0.4956	1	1	1	1	1	1
17.4	0.49579	1	1	1	1	1	1
17.41	0.49598	1	1	1	1	1	1
17.42	0.49618	1	1	1	1	1	1
17.43	0.49637	1	1	1	1	1	1
17.44	0.49656	1	1	1	1	1	1
17.45	0.49676	1	1	1	1	1	1
17.46	0.49695	1	1	1	1	1	1
17.47	0.49714	1	1	1	1	1	1
17.48	0.49734	1	1	1	1	1	1
17.49	0.49753	1	1	1	1	1	1
17.5	0.49772	1	1	1	1	1	1
17.51	0.49792	1	1	1	1	1	1
17.52	0.49811	1	1	1	1	1	1
17.53	0.4983	1	1	1	1	1	1
17.54	0.49849	1	1	1	1	1	1
17.55	0.49869	1	1	1	1	1	1
17.56	0.49888	1	1	1	1	1	1
17.57	0.49907	1	1	1	1	1	1
17.58	0.49926	1	1	1	1	1	1
17.59	0.49946	1	1	1	1	1	1
17.6	0.49965	1	1	1	1	1	1
17.61	0.49984	1	1	1	1	1	1
17.62	0.50003	1	1	1	1	1	1
17.63	0.50022	1	1	1	1	1	1
17.64	0.50042	1	1	1	1	1	1
17.65	0.50061	1	1	1	1	1	1
17.66	0.5008	1	1	1	1	1	1
17.67	0.50099	1	1	1	1	1	1
17.68	0.50118	1	1	1	1	1	1
17.69	0.50137	1	1	1	1	1	1
17.7	0.50157	1	1	1	1	1	1
17.71	0.50176	1	1	1	1	1	1
17.72	0.50195	1	1	1	1	1	1
17.73	0.50214	1	1	1	1	1	1
17.74	0.50233	1	1	1	1	1	1
17.75	0.50252	1	1	1	1	1	1
17.76	0.50271	1	1	1	1	1	1
17.77	0.5029	1	1	1	1	1	1
17.78	0.5031	1	1	1	1	1	1
17.79	0.50329	1	1	1	1	1	1
17.8	0.50348	1	1	1	1	1	1
17.81	0.50367	1	1	1	1	1	1
17.82	0.50386	1	1	1	1	1	1
17.83	0.50405	1	1	1	1	1	1
17.84	0.50424	1	1	1	1	1	1
17.85	0.50443	1	1	1	1	1	1
17.86	0.50462	1	1	1	1	1	1
17.87	0.50481	1	1	1	1	1	1
17.88	0.505	1	1	1	1	1	1
17.89	0.50519	1	1	1	1	1	1
17.9	0.50538	1	1	1	1	1	1
17.91	0.50557	1	1	1	1	1	1
17.92	0.50576	1	1	1	1	1	1
17.93	0.50595	1	1	1	1	1	1
17.94	0.50614	1	1	1	1	1	1
17.95	0.50633	1	1	1	1	1	1
17.96	0.50652	1	1	1	1	1	1
17.97	0.50671	1	1	1	1	1	1
17.98	0.5069	1	1	1	1	1	1
17.99	0.50709	1	1	1	1	1	1
18	0.50728	1	1	1	1	1	1
18.01	0.50746	1	1	1	1	1	1
18.02	0.50765	1	1	1	1	1	1
18.03	0.50784	1	1	1	1	1	1
18.04	0.50803	1	1	1	1	1	1
18.05	0.50822	1	1	1	1	1	1
18.06	0.50841	1	1	1	1	1	1
18.07	0.5086	1	1	1	1	1	1
18.08	0.50879	1	1	1	1	1	1
18.09	0.50898	1	1	1	1	1	1
18.1	0.50916	1	1	1	1	1	1
18.11	0.50935	1	1	1	1	1	1
18.12	0.50954	1	1	1	1	1	1
18.13	0.50973	1	1	1	1	1	1
18.14	0.50992	1	1	1	1	1	1
18.15	0.51011	1	1	1	1	1	1
18.16	0.51029	1	1	1	1	1	1
18.17	0.51048	1	1	1	1	1	1
18.18	0.51067	1	1	1	1	1	1
18.19	0.51086	1	1	1	1	1	1
18.2	0.51105	1	1	1	1	1	1
18.21	0.51123	1	1	1	1	1	1
18.22	0.51142	1	1	1	1	1	1
18.23	0.51161	1	1	1	1	1	1
18.24	0.5118	1	1	1	1	1	1
18.25	0.51198	1	1	1	1	1	1
18.26	0.51217	1	1	1	1	1	1
18.27	0.51236	1	1	1	1	1	1
18.28	0.51255	1	1	1	1	1	1
18.29	0.51273	1	1	1	1	1	1
18.3	0.51292	1	1	1	1	1	1
18.31	0.51311	1	1	1	1	1	1
18.32	0.51329	1	1	1	1	1	1
18.33	0.51348	1	1	1	1	1	1
18.34	0.51367	1	1	1	1	1	1
18.35	0.51385	1	1	1	1	1	1
18.36	0.51404	1	1	1	1	1	1
18.37	0.51423	1	1	1	1	1	1
18.38	0.51441	1	1	1	1	1	1
18.39	0.5146	1	1	1	1	1	1
18.4	0.51479	1	1	1	1	1	1
18.41	0.51497	1	1	1	1	1	1
18.42	0.51516	1	1	1	1	1	1
18.43	0.51535	1	1	1	1	1	1
18.44	0.51553	1	1	1	1	1	1
18.45	0.51572	1	1	1	1	1	1
18.46	0.5159	1	1	1	1	1	1
18.47	0.51609	1	1	1	1	1	1
18.48	0.51628	1	1	1	1	1	1
18.49	0.51646	1	1	1	1	1	1
18.5	0.51665	1	1	1	1	1	1
18.51	0.51683	1	1	1	1	1	1
18.52	0.51702	1	1	1	1	1	1
18.53	0.5172	1	1	1	1	1	1
18.54	0.51739	1	1	1	1	1	1
18.55	0.51757	1	1	1	1	1	1
18.56	0.51776	1	1	1	1	1	1
18.57	0.51794	1	1	1	1	1	1
18.58	0.51813	1	1	1	1	1	1
18.59	0.51831	1	1	1	1	1	1
18.6	0.5185	1	1	1	1	1	1
18.61	0.51868	1	1	1	1	1	1
18.62	0.51887	1	1	1	1	1	1
18.63	0.51905	1	1	1	1	1	1
18.64	0.51924	1	1	1	1	1	1
18.65	0.51942	1	1	1	1	1	1
18.66	0.51961	1	1	1	1	1	1
18.67	0.51979	1	1	1	1	1	1
18.68	0.51998	1	1	1	1	1	1
18.69	0.52016	1	1	1	1	1	1
18.7	0.52034	1	1	1	1	1	1
18.71	0.52053	1	1	1	1	1	1
18.72	0.52071	1	1	1	1	1	1
18.73	0.5209	1	1	1	1	1	1
18.74	0.52108	1	1	1	1	1	1
18.75	0.52127	1	1	1	1	1	1
18.76	0.52145	1	1	1	1	1	1
18.77	0.52163	1	1	1	1	1	1
18.78	0.52182	1	1	1	1	1	1
18.79	0.522	1	1	1	1	1	1
18.8	0.52218	1	1	1	1	1	1
18.81	0.52237	1	1	1	1	1	1
18.82	0.52255	1	1	1	1	1	1
18.83	0.52273	1	1	1	1	1	1
18.84	0.52292	1	1	1	1	1	1
18.85	0.5231	1	1	1	1	1	1
18.86	0.52328	1	1	1	1	1	1
18.87	0.52347	1	1	1	1	1	1
18.88	0.52365	1	1	1	1	1	1
18.89	0.52383	1	1	1	1	1	1
18.9	0.52401	1	1	1	1	1	1
18.91	0.5242	1	1	1	1	1	1
18.92	0.52438	1	1	1	1	1	1
18.93	0.52456	1	1	1	1	1	1
18.94	0.52475	1	1	1	1	1	1
18.95	0.52493	1	1	1	1	1	1
18.96	0.52511	1	1	1	1	1	1
18.97	0.52529	1	1	1	1	1	1
18.98	0.52548	1	1	1	1	1	1
18.99	0.52566	1	1	1	1	1	1
19	0.52584	1	1	1	1	1	1
19.01	0.52602	1	1	1	1	1	1
19.02	0.5262	1	1	1	1	1	1
19.03	0.52639	1	1	1	1	1	1
19.04	0.52657	1	1	1	1	1	1
19.05	0.52675	1	1	1	1	1	1
19.06	0.52693	1	1	1	1	1	1
19.07	0.52711	1	1	1	1	1	1
19.08	0.52729	1	1	1	1	1	1
19.09	0.52748	1	1	1	1	1	1
19.1	0.52766	1	1	1	1	1	1
19.11	0.52784	1	1	1	1	1	1
19.12	0.52802	1	1	1	1	1	1
19.13	0.5282	1	1	1	1	1	1
19.14	0.52838	1	1	1	1	1	1
19.15	0.52856	1	1	1	1	1	1
19.16	0.52874	1	1	1	1	1	1
19.17	0.52892	1	1	1	1	1	1
19.18	0.52911	1	1	1	1	1	1
19.19	0.52929	1	1	1	1	1	1
19.2	0.52947	1	1	1	1	1	1
19.21	0.52965	1	1	1	1	1	1
19.22	0.52983	1	1	1	1	1	1
19.23	0.53001	1	1	1	1	1	1
19.24	0.53019	1	1	1	1	1	1
19.25	0.53037	1	1	1	1	1	1
19.26	0.53055	1	1	1	1	1	1
19.27	0.53073	1	1	1	1	1	1
19.28	0.53091	1	1	1	1	1	1
19.29	0.53109	1	1	1	1	1	1
19.3	0.53127	1	1	1	1	1	1
19.31	0.53145	1	1	1	1	1	1
19.32	0.53163	1	1	1	1	1	1
19.33	0.53181	1	1	1	1	1	1
19.34	0.53199	1	1	1	1	1	1
19.35	0.53217	1	1	1	1	1	1
19.36	0.53235	1	1	1	1	1	1
19.37	0.53253	1	1	1	1	1	1
19.38	0.53271	1	1	1	1	1	1
19.39	0.53289	1	1	1	1	1	1
19.4	0.53307	1	1	1	1	1	1
19.41	0.53325	1	1	1	1	1	1
19.42	0.53343	1	1	1	1	1	1
19.43	0.53361	1	1	1	1	1	1
19.44	0.53378	1	1	1	1	1	1
19.45	0.53396	1	1	1	1	1	1
19.46	0.53414	1	1	1	1	1	1
19.47	0.53432	1	1	1	1	1	1
19.48	0.5345	1	1	1	1	1	1
19.49	0.53468	1	1	1	1	1	1
19.5	0.53486	1	1	1	1	1	1
19.51	0.53504	1	1	1	1	1	1
19.52	0.53521	1	1	1	1	1	1
19.53	0.53539	1	1	1	1	1	1
19.54	0.53557	1	1	1	1	1	1
19.55	0.53575	1	1	1	1	1	1
19.56	0.53593	1	1	1	1	1	1
19.57	0.53611	1	1	1	1	1	1
19.58	0.53628	1	1	1	1	1	1
19.59	0.53646	1	1	1	1	1	1
19.6	0.53664	1	1	1	1	1	1
19.61	0.53682	1	1	1	1	1	1
19.62	0.537	1	1	1	1	1	1
19.63	0.53717	1	1	1	1	1	1
19.64	0.53735	1	1	1	1	1	1
19.65	0.53753	1	1	1	1	1	1
19.66	0.53771	1	1	1	1	1	1
19.67	0.53788	1	1	1	1	1	1
19.68	0.53806	1	1	1	1	1	1
19.69	0.53824	1	1	1	1	1	1
19.7	0.53842	1	1	1	1	1	1
19.71	0.53859	1	1	1	1	1	1
19.72	0.53877	1	1	1	1	1	1
19.73	0.53895	1	1	1	1	1	1
19.74	0.53912	1	1	1	1	1	1
19.75	0.5393	1	1	1	1	1	1
19.76	0.53948	1	1	1	1	1	1
19.77	0.53966	1	1	1	1	1	1
19.78	0.53983	1	1	1	1	1	1
19.79	0.54001	1	1	1	1	1	1
19.8	0.54019	1	1	1	1	1	1
19.81	0.54036	1	1	1	1	1	1
19.82	0.54054	1	1	1	1	1	1
19.83	0.54072	1	1	1	1	1	1
19.84	0.54089	1	1	1	1	1	1
19.85	0.54107	1	1	1	1	1	1
19.86	0.54124	1	1	1	1	1	1
19.87	0.54142	1	1	1	1	1	1
19.88	0.5416	1	1	1	1	1	1
19.89	0.54177	1	1	1	1	1	1
19.9	0.54195	1	1	1	1	1	1
19.91	0.54212	1	1	1	1	1	1
19.92	0.5423	1	1	1	1	1	1
19.93	0.54248	1	1	1	1	1	1
19.94	0.54265	1	1	1	1	1	1
19.95	0.54283	1	1	1	1	1	1
19.96	0.543	1	1	1	1	1	1
19.97	0.54318	1	1	1	1	1	1
19.98	0.54335	1	1	1	1	1	1
19.99	0.54353	1	1	1	1	1	1
20	0.5437	1	1	1	1	1	1
