t	y1.0	y33.5	y55.2	y62.0	y90.5	y227.0	y399.3
0	0	0	0	0	0	0	0
0.01	4.6342e-05	0.001552	0.0025569	0.0028718	0.0041909	0.0105	0.018444
0.02	0.00017246	0.0057715	0.0095034	0.010672	0.015563	0.038865	0.067985
0.03	0.00036234	0.01211	0.019924	0.022368	0.032584	0.080936	0.14062
0.04	0.00060358	0.020138	0.033094	0.037139	0.054019	0.13321	0.22931
0.05	0.00088656	0.029516	0.048434	0.05433	0.078874	0.19273	0.32796
0.06	0.0012038	0.039975	0.065485	0.073418	0.10634	0.25706	0.43142
0.07	0.0015494	0.051303	0.083878	0.09398	0.13578	0.32415	0.53542
0.08	0.0019189	0.06333	0.10331	0.11568	0.16665	0.39233	0.63657
0.09	0.0023087	0.075921	0.12356	0.13824	0.19852	0.46025	0.73223
0.1	0.0027159	0.088965	0.14441	0.16144	0.23103	0.52683	0.82043
0.11	0.0031383	0.10237	0.16571	0.18509	0.26391	0.59119	0.89986
0.12	0.003574	0.11608	0.18734	0.20905	0.29692	0.6527	0.96969
0.13	0.0040216	0.13001	0.20917	0.23319	0.32985	0.71085	1.0296
0.14	0.0044799	0.14412	0.23113	0.2574	0.36254	0.76529	1.0795
0.15	0.0049479	0.15838	0.25313	0.28161	0.39487	0.8158	1.1198
0.16	0.0054248	0.17274	0.27512	0.30573	0.42672	0.86224	1.151
0.17	0.0059099	0.18717	0.29703	0.32971	0.458	0.90456	1.1738
0.18	0.0064026	0.20165	0.31882	0.35348	0.48864	0.9428	1.1889
0.19	0.0069023	0.21615	0.34045	0.37702	0.51856	0.97701	1.1974
0.2	0.0074086	0.23066	0.36189	0.40026	0.54773	1.0073	1.2001
0.21	0.0079211	0.24515	0.38309	0.42319	0.57609	1.0339	1.1978
0.22	0.0084394	0.2596	0.40404	0.44576	0.60362	1.0569	1.1916
0.23	0.0089631	0.27401	0.42471	0.46796	0.63028	1.0765	1.1822
0.24	0.009492	0.28836	0.44508	0.48976	0.65606	1.093	1.1703
0.25	0.010026	0.30263	0.46512	0.51115	0.68093	1.1066	1.1568
0.26	0.010564	0.31681	0.48483	0.53209	0.7049	1.1175	1.1421
0.27	0.011107	0.3309	0.50419	0.55259	0.72795	1.1258	1.1269
0.28	0.011653	0.34488	0.52318	0.57262	0.75007	1.1319	1.1116
0.29	0.012204	0.35874	0.5418	0.59217	0.77128	1.136	1.0966
0.3	0.012758	0.37248	0.56002	0.61124	0.79156	1.1383	1.0821
0.31	0.013316	0.38608	0.57785	0.62982	0.81093	1.1389	1.0684
0.32	0.013876	0.39954	0.59528	0.6479	0.8294	1.1381	1.0557
0.33	0.01444	0.41285	0.61229	0.66547	0.84697	1.136	1.0441
0.34	0.015007	0.42601	0.62889	0.68254	0.86365	1.1329	1.0337
0.35	0.015576	0.43901	0.64507	0.6991	0.87947	1.1288	1.0244
0.36	0.016147	0.45183	0.66082	0.71514	0.89442	1.124	1.0163
0.37	0.016721	0.46449	0.67614	0.73067	0.90854	1.1185	1.0094
0.38	0.017297	0.47697	0.69104	0.74569	0.92184	1.1125	1.0035
0.39	0.017874	0.48927	0.7055	0.7602	0.93433	1.1062	0.9986
0.4	0.018454	0.50139	0.71953	0.7742	0.94603	1.0995	0.99464
0.41	0.019035	0.51331	0.73314	0.78769	0.95697	1.0927	0.99149
0.42	0.019618	0.52505	0.74631	0.80068	0.96717	1.0857	0.98908
0.43	0.020202	0.53659	0.75906	0.81318	0.97665	1.0787	0.9873
0.44	0.020787	0.54793	0.77138	0.82518	0.98542	1.0718	0.98606
0.45	0.021373	0.55907	0.78328	0.8367	0.99352	1.0649	0.98528
0.46	0.02196	0.57001	0.79476	0.84773	1.001	1.0581	0.98487
0.47	0.022548	0.58075	0.80583	0.8583	1.0078	1.0515	0.98476
0.48	0.023137	0.59128	0.81648	0.86839	1.014	1.0452	0.98487
0.49	0.023726	0.60161	0.82673	0.87803	1.0196	1.039	0.98516
0.5	0.024316	0.61173	0.83658	0.88722	1.0247	1.0332	0.98557
0.51	0.024906	0.62165	0.84603	0.89597	1.0292	1.0276	0.98605
0.52	0.025496	0.63135	0.85509	0.90428	1.0332	1.0223	0.98656
0.53	0.026087	0.64085	0.86377	0.91217	1.0367	1.0173	0.98709
0.54	0.026678	0.65014	0.87208	0.91965	1.0398	1.0126	0.98761
0.55	0.027268	0.65923	0.88001	0.92672	1.0424	1.0082	0.98809
0.56	0.027859	0.6681	0.88758	0.9334	1.0446	1.0041	0.98853
0.57	0.028449	0.67677	0.8948	0.93969	1.0463	1.0003	0.98891
0.58	0.029039	0.68524	0.90167	0.94561	1.0477	0.99684	0.98924
0.59	0.029629	0.6935	0.9082	0.95116	1.0488	0.99365	0.98951
0.6	0.030218	0.70156	0.91439	0.95636	1.0495	0.99074	0.98972
0.61	0.030807	0.70942	0.92026	0.96121	1.0499	0.9881	0.98987
0.62	0.031396	0.71707	0.92582	0.96574	1.05	0.98571	0.98998
0.63	0.031983	0.72453	0.93106	0.96994	1.0498	0.98358	0.99004
0.64	0.03257	0.73179	0.93601	0.97382	1.0494	0.98168	0.99006
0.65	0.033156	0.73886	0.94066	0.97741	1.0487	0.98001	0.99004
0.66	0.033742	0.74573	0.94503	0.98071	1.0478	0.97854	0.99
0.67	0.034327	0.75242	0.94912	0.98372	1.0467	0.97727	0.98994
0.68	0.03491	0.75891	0.95295	0.98647	1.0454	0.97619	0.98986
0.69	0.035493	0.76522	0.95652	0.98896	1.0439	0.97527	0.98977
0.7	0.036075	0.77135	0.95984	0.99119	1.0423	0.97451	0.98968
0.71	0.036655	0.77729	0.96291	0.99319	1.0405	0.9739	0.98959
0.72	0.037235	0.78306	0.96575	0.99496	1.0387	0.97341	0.9895
0.73	0.037813	0.78865	0.96837	0.99651	1.0367	0.97305	0.98941
0.74	0.038391	0.79407	0.97077	0.99785	1.0346	0.9728	0.98933
0.75	0.038967	0.79932	0.97296	0.99899	1.0324	0.97265	0.98926
0.76	0.039542	0.8044	0.97495	0.99995	1.0301	0.97259	0.9892
0.77	0.040115	0.80932	0.97674	1.0007	1.0278	0.9726	0.98916
0.78	0.040688	0.81407	0.97835	1.0013	1.0254	0.97269	0.98912
0.79	0.041258	0.81867	0.97979	1.0018	1.023	0.97284	0.9891
0.8	0.041828	0.82311	0.98105	1.002	1.0206	0.97304	0.98909
0.81	0.042396	0.8274	0.98215	1.0022	1.0181	0.97329	0.9891
0.82	0.042963	0.83153	0.98309	1.0022	1.0156	0.97358	0.98911
0.83	0.043528	0.83553	0.98389	1.002	1.0131	0.9739	0.98914
0.84	0.044092	0.83938	0.98455	1.0018	1.0106	0.97425	0.98917
0.85	0.044655	0.84309	0.98507	1.0014	1.0082	0.97463	0.98922
0.86	0.045215	0.84666	0.98547	1.001	1.0057	0.97502	0.98927
0.87	0.045775	0.8501	0.98574	1.0004	1.0033	0.97542	0.98933
0.88	0.046333	0.8534	0.98591	0.99974	1.0009	0.97584	0.98939
0.89	0.046889	0.85658	0.98596	0.999	0.9985	0.97626	0.98946
0.9	0.047444	0.85964	0.98592	0.99818	0.99617	0.97668	0.98954
0.91	0.047997	0.86257	0.98578	0.99729	0.99388	0.9771	0.98962
0.92	0.048548	0.86539	0.98555	0.99634	0.99164	0.97753	0.9897
0.93	0.049098	0.86809	0.98524	0.99533	0.98945	0.97794	0.98978
0.94	0.049647	0.87068	0.98485	0.99426	0.98732	0.97836	0.98987
0.95	0.050194	0.87316	0.98438	0.99315	0.98524	0.97876	0.98996
0.96	0.050739	0.87553	0.98386	0.992	0.98323	0.97916	0.99004
0.97	0.051282	0.8778	0.98327	0.99081	0.98127	0.97955	0.99013
0.98	0.051824	0.87997	0.98262	0.98958	0.97939	0.97993	0.99022
0.99	0.052365	0.88205	0.98192	0.98833	0.97756	0.98029	0.99031
1	0.052903	0.88403	0.98117	0.98706	0.97581	0.98065	0.9904
1.01	0.05344	0.88591	0.98038	0.98577	0.97413	0.98099	0.99048
1.02	0.053976	0.88771	0.97956	0.98447	0.97251	0.98132	0.99057
1.03	0.05451	0.88943	0.97869	0.98316	0.97097	0.98164	0.99066
1.04	0.055042	0.89106	0.9778	0.98184	0.9695	0.98195	0.99074
1.05	0.055572	0.89261	0.97688	0.98051	0.9681	0.98225	0.99083
1.06	0.056101	0.89408	0.97594	0.97919	0.96677	0.98253	0.99091
1.07	0.056628	0.89548	0.97498	0.97787	0.96551	0.9828	0.99099
1.08	0.057154	0.89681	0.974	0.97656	0.96432	0.98307	0.99108
1.09	0.057678	0.89807	0.97301	0.97526	0.9632	0.98332	0.99116
1.1	0.0582	0.89926	0.97201	0.97397	0.96216	0.98356	0.99124
1.11	0.058721	0.90038	0.97101	0.97269	0.96118	0.98379	0.99132
1.12	0.05924	0.90145	0.97	0.97144	0.96027	0.98401	0.9914
1.13	0.059758	0.90245	0.96898	0.9702	0.95943	0.98423	0.99148
1.14	0.060274	0.9034	0.96797	0.96898	0.95865	0.98443	0.99155
1.15	0.060788	0.90429	0.96697	0.96779	0.95793	0.98463	0.99163
1.16	0.061301	0.90513	0.96596	0.96662	0.95728	0.98482	0.99171
1.17	0.061812	0.90592	0.96497	0.96548	0.95669	0.985	0.99179
1.18	0.062322	0.90666	0.96399	0.96436	0.95616	0.98518	0.99186
1.19	0.06283	0.90736	0.96301	0.96328	0.95569	0.98534	0.99194
1.2	0.063337	0.90801	0.96205	0.96222	0.95528	0.98551	0.99201
1.21	0.063842	0.90862	0.96111	0.9612	0.95492	0.98567	0.99209
1.22	0.064345	0.90918	0.96018	0.96021	0.95461	0.98582	0.99216
1.23	0.064847	0.90972	0.95928	0.95925	0.95436	0.98597	0.99223
1.24	0.065348	0.91021	0.95839	0.95832	0.95415	0.98611	0.99231
1.25	0.065847	0.91067	0.95752	0.95743	0.954	0.98625	0.99238
1.26	0.066344	0.9111	0.95667	0.95658	0.95389	0.98639	0.99245
1.27	0.06684	0.91149	0.95584	0.95576	0.95382	0.98652	0.99252
1.28	0.067335	0.91186	0.95504	0.95498	0.95379	0.98665	0.99259
1.29	0.067828	0.9122	0.95427	0.95423	0.95381	0.98678	0.99266
1.3	0.068319	0.91251	0.95352	0.95352	0.95386	0.9869	0.99273
1.31	0.06881	0.9128	0.95279	0.95284	0.95395	0.98702	0.9928
1.32	0.069298	0.91307	0.95209	0.9522	0.95408	0.98714	0.99287
1.33	0.069786	0.91331	0.95142	0.9516	0.95424	0.98726	0.99294
1.34	0.070272	0.91354	0.95077	0.95104	0.95443	0.98738	0.99301
1.35	0.070756	0.91374	0.95016	0.9505	0.95465	0.98749	0.99307
1.36	0.071239	0.91393	0.94957	0.95001	0.9549	0.9876	0.99314
1.37	0.071721	0.9141	0.94901	0.94955	0.95517	0.98771	0.99321
1.38	0.072202	0.91426	0.94848	0.94913	0.95547	0.98782	0.99327
1.39	0.072681	0.9144	0.94797	0.94874	0.95579	0.98793	0.99334
1.4	0.073159	0.91454	0.9475	0.94838	0.95613	0.98804	0.9934
1.41	0.073635	0.91466	0.94705	0.94806	0.95649	0.98815	0.99346
1.42	0.07411	0.91477	0.94663	0.94777	0.95687	0.98825	0.99353
1.43	0.074584	0.91487	0.94624	0.94751	0.95727	0.98836	0.99359
1.44	0.075057	0.91496	0.94588	0.94729	0.95768	0.98846	0.99365
1.45	0.075528	0.91504	0.94555	0.9471	0.9581	0.98857	0.99371
1.46	0.075998	0.91512	0.94524	0.94693	0.95854	0.98867	0.99377
1.47	0.076467	0.91519	0.94496	0.9468	0.95899	0.98877	0.99383
1.48	0.076935	0.91526	0.94471	0.9467	0.95945	0.98887	0.99389
1.49	0.077401	0.91533	0.94449	0.94662	0.95991	0.98897	0.99395
1.5	0.077867	0.91539	0.94429	0.94658	0.96039	0.98907	0.99401
1.51	0.078331	0.91544	0.94412	0.94656	0.96087	0.98917	0.99407
1.52	0.078794	0.9155	0.94397	0.94656	0.96136	0.98927	0.99413
1.53	0.079255	0.91556	0.94385	0.94659	0.96185	0.98937	0.99418
1.54	0.079716	0.91561	0.94376	0.94665	0.96235	0.98946	0.99424
1.55	0.080176	0.91567	0.94368	0.94673	0.96284	0.98956	0.9943
1.56	0.080634	0.91572	0.94364	0.94683	0.96334	0.98966	0.99435
1.57	0.081091	0.91578	0.94361	0.94696	0.96384	0.98975	0.99441
1.58	0.081547	0.91584	0.94361	0.9471	0.96434	0.98985	0.99446
1.59	0.082002	0.9159	0.94363	0.94727	0.96484	0.98994	0.99451
1.6	0.082456	0.91596	0.94367	0.94746	0.96534	0.99003	0.99457
1.61	0.082909	0.91603	0.94374	0.94766	0.96584	0.99013	0.99462
1.62	0.083361	0.9161	0.94382	0.94789	0.96633	0.99022	0.99467
1.63	0.083812	0.91618	0.94392	0.94813	0.96682	0.99031	0.99472
1.64	0.084262	0.91626	0.94404	0.94838	0.9673	0.9904	0.99477
1.65	0.084711	0.91634	0.94418	0.94866	0.96779	0.99049	0.99482
1.66	0.085159	0.91643	0.94434	0.94895	0.96826	0.99058	0.99487
1.67	0.085606	0.91652	0.94452	0.94925	0.96874	0.99067	0.99492
1.68	0.086052	0.91662	0.94471	0.94956	0.9692	0.99076	0.99497
1.69	0.086497	0.91672	0.94492	0.94989	0.96966	0.99084	0.99502
1.7	0.086941	0.91683	0.94514	0.95023	0.97012	0.99093	0.99507
1.71	0.087384	0.91695	0.94538	0.95058	0.97057	0.99102	0.99512
1.72	0.087826	0.91707	0.94564	0.95095	0.97101	0.9911	0.99516
1.73	0.088268	0.9172	0.9459	0.95132	0.97144	0.99119	0.99521
1.74	0.088708	0.91734	0.94618	0.9517	0.97187	0.99127	0.99526
1.75	0.089148	0.91748	0.94648	0.95209	0.97229	0.99135	0.9953
1.76	0.089586	0.91763	0.94678	0.95249	0.9727	0.99144	0.99535
1.77	0.090024	0.91779	0.94709	0.95289	0.97311	0.99152	0.99539
1.78	0.090461	0.91795	0.94742	0.9533	0.9735	0.9916	0.99544
1.79	0.090897	0.91812	0.94776	0.95372	0.97389	0.99168	0.99548
1.8	0.091332	0.9183	0.9481	0.95414	0.97427	0.99176	0.99553
1.81	0.091767	0.91848	0.94846	0.95457	0.97465	0.99184	0.99557
1.82	0.092201	0.91867	0.94882	0.955	0.97501	0.99191	0.99561
1.83	0.092633	0.91887	0.94919	0.95543	0.97537	0.99199	0.99566
1.84	0.093066	0.91908	0.94957	0.95587	0.97572	0.99207	0.9957
1.85	0.093497	0.91929	0.94995	0.95631	0.97606	0.99214	0.99574
1.86	0.093927	0.91951	0.95034	0.95676	0.9764	0.99222	0.99578
1.87	0.094357	0.91974	0.95074	0.9572	0.97672	0.99229	0.99582
1.88	0.094786	0.91997	0.95114	0.95765	0.97704	0.99236	0.99586
1.89	0.095215	0.92021	0.95155	0.9581	0.97735	0.99244	0.9959
1.9	0.095642	0.92046	0.95196	0.95854	0.97766	0.99251	0.99594
1.91	0.096069	0.92072	0.95238	0.95899	0.97795	0.99258	0.99598
1.92	0.096495	0.92098	0.9528	0.95944	0.97824	0.99265	0.99602
1.93	0.096921	0.92125	0.95322	0.95988	0.97852	0.99272	0.99606
1.94	0.097346	0.92152	0.95364	0.96033	0.9788	0.99279	0.9961
1.95	0.09777	0.9218	0.95407	0.96077	0.97906	0.99286	0.99614
1.96	0.098193	0.92209	0.9545	0.96122	0.97932	0.99293	0.99617
1.97	0.098616	0.92239	0.95493	0.96166	0.97958	0.993	0.99621
1.98	0.099038	0.92269	0.95536	0.9621	0.97983	0.99306	0.99625
1.99	0.09946	0.92299	0.9558	0.96253	0.98007	0.99313	0.99628
2	0.099881	0.9233	0.95623	0.96297	0.9803	0.99319	0.99632
2.01	0.1003	0.92362	0.95666	0.9634	0.98053	0.99326	0.99636
2.02	0.10072	0.92395	0.9571	0.96382	0.98075	0.99332	0.99639
2.03	0.10114	0.92428	0.95753	0.96425	0.98097	0.99339	0.99643
2.04	0.10156	0.92461	0.95796	0.96467	0.98118	0.99345	0.99646
2.05	0.10198	0.92495	0.95839	0.96509	0.98139	0.99351	0.99649
2.06	0.10239	0.92529	0.95882	0.9655	0.98159	0.99357	0.99653
2.07	0.10281	0.92564	0.95925	0.96591	0.98178	0.99364	0.99656
2.08	0.10323	0.926	0.95968	0.96631	0.98198	0.9937	0.9966
2.09	0.10364	0.92636	0.9601	0.96671	0.98216	0.99376	0.99663
2.1	0.10406	0.92672	0.96053	0.96711	0.98234	0.99382	0.99666
2.11	0.10447	0.92709	0.96095	0.9675	0.98252	0.99387	0.99669
2.12	0.10489	0.92746	0.96137	0.96788	0.98269	0.99393	0.99673
2.13	0.1053	0.92783	0.96178	0.96826	0.98286	0.99399	0.99676
2.14	0.10571	0.92821	0.96219	0.96864	0.98303	0.99405	0.99679
2.15	0.10612	0.9286	0.9626	0.96901	0.98319	0.9941	0.99682
2.16	0.10654	0.92898	0.96301	0.96938	0.98335	0.99416	0.99685
2.17	0.10695	0.92937	0.96341	0.96974	0.9835	0.99422	0.99688
2.18	0.10736	0.92977	0.96381	0.97009	0.98365	0.99427	0.99691
2.19	0.10777	0.93016	0.96421	0.97045	0.9838	0.99433	0.99694
2.2	0.10818	0.93056	0.9646	0.97079	0.98394	0.99438	0.99697
2.21	0.10859	0.93096	0.96499	0.97113	0.98409	0.99443	0.997
2.22	0.109	0.93137	0.96537	0.97147	0.98423	0.99449	0.99703
2.23	0.10941	0.93178	0.96576	0.9718	0.98436	0.99454	0.99706
2.24	0.10981	0.93218	0.96613	0.97212	0.9845	0.99459	0.99709
2.25	0.11022	0.9326	0.9665	0.97244	0.98463	0.99464	0.99712
2.26	0.11063	0.93301	0.96687	0.97276	0.98476	0.99469	0.99714
2.27	0.11104	0.93342	0.96724	0.97307	0.98488	0.99474	0.99717
2.28	0.11144	0.93384	0.9676	0.97337	0.98501	0.99479	0.9972
2.29	0.11185	0.93426	0.96795	0.97367	0.98513	0.99484	0.99723
2.3	0.11225	0.93468	0.9683	0.97397	0.98525	0.99489	0.99725
2.31	0.11266	0.9351	0.96865	0.97426	0.98537	0.99494	0.99728
2.32	0.11306	0.93552	0.96899	0.97454	0.98549	0.99499	0.99731
2.33	0.11347	0.93594	0.96933	0.97482	0.9856	0.99504	0.99733
2.34	0.11387	0.93637	0.96966	0.9751	0.98572	0.99508	0.99736
2.35	0.11428	0.93679	0.96999	0.97537	0.98583	0.99513	0.99738
2.36	0.11468	0.93722	0.97031	0.97563	0.98594	0.99518	0.99741
2.37	0.11508	0.93764	0.97063	0.97589	0.98605	0.99522	0.99743
2.38	0.11548	0.93807	0.97095	0.97615	0.98616	0.99527	0.99746
2.39	0.11589	0.93849	0.97126	0.9764	0.98627	0.99531	0.99748
2.4	0.11629	0.93892	0.97156	0.97665	0.98637	0.99536	0.99751
2.41	0.11669	0.93934	0.97187	0.97689	0.98648	0.9954	0.99753
2.42	0.11709	0.93977	0.97216	0.97713	0.98658	0.99545	0.99756
2.43	0.11749	0.94019	0.97246	0.97737	0.98669	0.99549	0.99758
2.44	0.11789	0.94062	0.97274	0.9776	0.98679	0.99553	0.9976
2.45	0.11829	0.94104	0.97303	0.97782	0.98689	0.99557	0.99763
2.46	0.11869	0.94147	0.97331	0.97804	0.98699	0.99562	0.99765
2.47	0.11909	0.94189	0.97358	0.97826	0.98709	0.99566	0.99767
2.48	0.11949	0.94231	0.97385	0.97848	0.98719	0.9957	0.99769
2.49	0.11989	0.94273	0.97412	0.97869	0.98729	0.99574	0.99772
2.5	0.12029	0.94315	0.97438	0.9789	0.98739	0.99578	0.99774
2.51	0.12068	0.94357	0.97464	0.9791	0.98748	0.99582	0.99776
2.52	0.12108	0.94399	0.9749	0.9793	0.98758	0.99586	0.99778
2.53	0.12148	0.94441	0.97515	0.9795	0.98768	0.9959	0.9978
2.54	0.12188	0.94483	0.9754	0.97969	0.98777	0.99594	0.99783
2.55	0.12227	0.94524	0.97564	0.97988	0.98787	0.99598	0.99785
2.56	0.12267	0.94565	0.97588	0.98006	0.98796	0.99602	0.99787
2.57	0.12306	0.94606	0.97612	0.98025	0.98806	0.99605	0.99789
2.58	0.12346	0.94647	0.97635	0.98043	0.98815	0.99609	0.99791
2.59	0.12386	0.94688	0.97658	0.98061	0.98824	0.99613	0.99793
2.6	0.12425	0.94729	0.9768	0.98078	0.98834	0.99616	0.99795
2.61	0.12465	0.94769	0.97702	0.98095	0.98843	0.9962	0.99797
2.62	0.12504	0.94809	0.97724	0.98112	0.98852	0.99624	0.99799
2.63	0.12543	0.94849	0.97745	0.98129	0.98861	0.99627	0.99801
2.64	0.12583	0.94889	0.97767	0.98145	0.9887	0.99631	0.99803
2.65	0.12622	0.94929	0.97787	0.98161	0.98879	0.99634	0.99805
2.66	0.12662	0.94968	0.97808	0.98177	0.98888	0.99638	0.99807
2.67	0.12701	0.95008	0.97828	0.98193	0.98897	0.99641	0.99808
2.68	0.1274	0.95047	0.97848	0.98208	0.98906	0.99645	0.9981
2.69	0.12779	0.95085	0.97867	0.98223	0.98915	0.99648	0.99812
2.7	0.12819	0.95124	0.97887	0.98238	0.98924	0.99651	0.99814
2.71	0.12858	0.95162	0.97906	0.98253	0.98933	0.99655	0.99816
2.72	0.12897	0.952	0.97924	0.98268	0.98942	0.99658	0.99818
2.73	0.12936	0.95238	0.97943	0.98282	0.9895	0.99661	0.99819
2.74	0.12975	0.95276	0.97961	0.98296	0.98959	0.99665	0.99821
2.75	0.13015	0.95313	0.97979	0.9831	0.98968	0.99668	0.99823
2.76	0.13054	0.9535	0.97996	0.98324	0.98976	0.99671	0.99825
2.77	0.13093	0.95387	0.98014	0.98338	0.98985	0.99674	0.99826
2.78	0.13132	0.95424	0.98031	0.98351	0.98993	0.99677	0.99828
2.79	0.13171	0.9546	0.98048	0.98364	0.99002	0.9968	0.9983
2.8	0.1321	0.95496	0.98064	0.98377	0.9901	0.99683	0.99831
2.81	0.13249	0.95532	0.98081	0.9839	0.99019	0.99686	0.99833
2.82	0.13288	0.95567	0.98097	0.98403	0.99027	0.99689	0.99834
2.83	0.13327	0.95603	0.98113	0.98416	0.99035	0.99692	0.99836
2.84	0.13365	0.95638	0.98129	0.98428	0.99044	0.99695	0.99838
2.85	0.13404	0.95673	0.98144	0.98441	0.99052	0.99698	0.99839
2.86	0.13443	0.95707	0.9816	0.98453	0.9906	0.99701	0.99841
2.87	0.13482	0.95741	0.98175	0.98465	0.99068	0.99704	0.99842
2.88	0.13521	0.95775	0.9819	0.98477	0.99076	0.99707	0.99844
2.89	0.1356	0.95809	0.98205	0.98489	0.99084	0.99709	0.99845
2.9	0.13598	0.95842	0.98219	0.98501	0.99092	0.99712	0.99847
2.91	0.13637	0.95876	0.98234	0.98513	0.991	0.99715	0.99848
2.92	0.13676	0.95908	0.98248	0.98524	0.99108	0.99718	0.9985
2.93	0.13715	0.95941	0.98262	0.98535	0.99116	0.9972	0.99851
2.94	0.13753	0.95973	0.98276	0.98547	0.99124	0.99723	0.99853
2.95	0.13792	0.96005	0.9829	0.98558	0.99131	0.99726	0.99854
2.96	0.13831	0.96037	0.98304	0.98569	0.99139	0.99728	0.99856
2.97	0.13869	0.96069	0.98317	0.9858	0.99147	0.99731	0.99857
2.98	0.13908	0.961	0.9833	0.98591	0.99154	0.99733	0.99858
2.99	0.13946	0.96131	0.98344	0.98602	0.99162	0.99736	0.9986
3	0.13985	0.96162	0.98357	0.98613	0.99169	0.99738	0.99861
3.01	0.14023	0.96192	0.9837	0.98623	0.99176	0.99741	0.99862
3.02	0.14062	0.96222	0.98382	0.98634	0.99184	0.99743	0.99864
3.03	0.141	0.96252	0.98395	0.98645	0.99191	0.99746	0.99865
3.04	0.14139	0.96282	0.98407	0.98655	0.99198	0.99748	0.99866
3.05	0.14177	0.96311	0.9842	0.98665	0.99205	0.99751	0.99868
3.06	0.14216	0.96341	0.98432	0.98676	0.99213	0.99753	0.99869
3.07	0.14254	0.9637	0.98444	0.98686	0.9922	0.99755	0.9987
3.08	0.14293	0.96398	0.98456	0.98696	0.99227	0.99758	0.99872
3.09	0.14331	0.96427	0.98468	0.98706	0.99234	0.9976	0.99873
3.1	0.14369	0.96455	0.9848	0.98716	0.9924	0.99762	0.99874
3.11	0.14408	0.96482	0.98492	0.98726	0.99247	0.99764	0.99875
3.12	0.14446	0.9651	0.98503	0.98736	0.99254	0.99767	0.99876
3.13	0.14484	0.96537	0.98515	0.98746	0.99261	0.99769	0.99878
3.14	0.14523	0.96565	0.98526	0.98755	0.99267	0.99771	0.99879
3.15	0.14561	0.96591	0.98538	0.98765	0.99274	0.99773	0.9988
3.16	0.14599	0.96618	0.98549	0.98775	0.99281	0.99775	0.99881
3.17	0.14637	0.96644	0.9856	0.98784	0.99287	0.99778	0.99882
3.18	0.14675	0.96671	0.98571	0.98794	0.99294	0.9978	0.99883
3.19	0.14714	0.96696	0.98582	0.98803	0.993	0.99782	0.99885
3.2	0.14752	0.96722	0.98593	0.98812	0.99306	0.99784	0.99886
3.21	0.1479	0.96747	0.98604	0.98822	0.99313	0.99786	0.99887
3.22	0.14828	0.96773	0.98614	0.98831	0.99319	0.99788	0.99888
3.23	0.14866	0.96798	0.98625	0.9884	0.99325	0.9979	0.99889
3.24	0.14904	0.96822	0.98636	0.98849	0.99331	0.99792	0.9989
3.25	0.14942	0.96847	0.98646	0.98858	0.99337	0.99794	0.99891
3.26	0.1498	0.96871	0.98656	0.98867	0.99343	0.99796	0.99892
3.27	0.15018	0.96895	0.98667	0.98876	0.99349	0.99798	0.99893
3.28	0.15056	0.96919	0.98677	0.98885	0.99355	0.998	0.99894
3.29	0.15094	0.96942	0.98687	0.98894	0.99361	0.99802	0.99895
3.3	0.15132	0.96966	0.98697	0.98903	0.99367	0.99804	0.99896
3.31	0.1517	0.96989	0.98707	0.98912	0.99372	0.99805	0.99897
3.32	0.15208	0.97012	0.98717	0.9892	0.99378	0.99807	0.99898
3.33	0.15246	0.97035	0.98727	0.98929	0.99384	0.99809	0.99899
3.34	0.15284	0.97057	0.98737	0.98938	0.99389	0.99811	0.999
3.35	0.15322	0.9708	0.98747	0.98946	0.99395	0.99813	0.99901
3.36	0.1536	0.97102	0.98756	0.98955	0.994	0.99814	0.99902
3.37	0.15398	0.97124	0.98766	0.98963	0.99406	0.99816	0.99903
3.38	0.15436	0.97145	0.98776	0.98971	0.99411	0.99818	0.99904
3.39	0.15473	0.97167	0.98785	0.9898	0.99416	0.9982	0.99905
3.4	0.15511	0.97188	0.98794	0.98988	0.99421	0.99821	0.99906
3.41	0.15549	0.97209	0.98804	0.98996	0.99427	0.99823	0.99907
3.42	0.15587	0.9723	0.98813	0.99004	0.99432	0.99825	0.99908
3.43	0.15625	0.97251	0.98822	0.99012	0.99437	0.99826	0.99909
3.44	0.15662	0.97271	0.98832	0.99021	0.99442	0.99828	0.9991
3.45	0.157	0.97292	0.98841	0.99029	0.99447	0.9983	0.9991
3.46	0.15738	0.97312	0.9885	0.99036	0.99452	0.99831	0.99911
3.47	0.15775	0.97332	0.98859	0.99044	0.99457	0.99833	0.99912
3.48	0.15813	0.97352	0.98868	0.99052	0.99462	0.99835	0.99913
3.49	0.15851	0.97372	0.98877	0.9906	0.99467	0.99836	0.99914
3.5	0.15888	0.97391	0.98885	0.99068	0.99471	0.99838	0.99915
3.51	0.15926	0.9741	0.98894	0.99075	0.99476	0.99839	0.99916
3.52	0.15964	0.9743	0.98903	0.99083	0.99481	0.99841	0.99916
3.53	0.16001	0.97449	0.98912	0.99091	0.99486	0.99842	0.99917
3.54	0.16039	0.97467	0.9892	0.99098	0.9949	0.99844	0.99918
3.55	0.16076	0.97486	0.98929	0.99106	0.99495	0.99845	0.99919
3.56	0.16114	0.97504	0.98937	0.99113	0.99499	0.99847	0.9992
3.57	0.16151	0.97523	0.98946	0.9912	0.99504	0.99848	0.9992
3.58	0.16189	0.97541	0.98954	0.99128	0.99508	0.9985	0.99921
3.59	0.16226	0.97559	0.98962	0.99135	0.99513	0.99851	0.99922
3.6	0.16264	0.97577	0.98971	0.99142	0.99517	0.99853	0.99923
3.61	0.16301	0.97595	0.98979	0.99149	0.99521	0.99854	0.99923
3.62	0.16339	0.97612	0.98987	0.99157	0.99525	0.99855	0.99924
3.63	0.16376	0.9763	0.98995	0.99164	0.9953	0.99857	0.99925
3.64	0.16413	0.97647	0.99003	0.99171	0.99534	0.99858	0.99926
3.65	0.16451	0.97664	0.99011	0.99178	0.99538	0.99859	0.99926
3.66	0.16488	0.97681	0.99019	0.99184	0.99542	0.99861	0.99927
3.67	0.16526	0.97698	0.99027	0.99191	0.99546	0.99862	0.99928
3.68	0.16563	0.97714	0.99035	0.99198	0.9955	0.99863	0.99928
3.69	0.166	0.97731	0.99043	0.99205	0.99554	0.99865	0.99929
3.7	0.16637	0.97747	0.9905	0.99212	0.99558	0.99866	0.9993
3.71	0.16675	0.97764	0.99058	0.99218	0.99562	0.99867	0.9993
3.72	0.16712	0.9778	0.99066	0.99225	0.99566	0.99868	0.99931
3.73	0.16749	0.97796	0.99073	0.99231	0.9957	0.9987	0.99932
3.74	0.16786	0.97812	0.99081	0.99238	0.99574	0.99871	0.99932
3.75	0.16824	0.97827	0.99088	0.99244	0.99577	0.99872	0.99933
3.76	0.16861	0.97843	0.99096	0.99251	0.99581	0.99873	0.99934
3.77	0.16898	0.97859	0.99103	0.99257	0.99585	0.99875	0.99934
3.78	0.16935	0.97874	0.9911	0.99263	0.99589	0.99876	0.99935
3.79	0.16972	0.97889	0.99117	0.9927	0.99592	0.99877	0.99936
3.8	0.1701	0.97904	0.99125	0.99276	0.99596	0.99878	0.99936
3.81	0.17047	0.97919	0.99132	0.99282	0.99599	0.99879	0.99937
3.82	0.17084	0.97934	0.99139	0.99288	0.99603	0.9988	0.99938
3.83	0.17121	0.97949	0.99146	0.99294	0.99607	0.99882	0.99938
3.84	0.17158	0.97964	0.99153	0.993	0.9961	0.99883	0.99939
3.85	0.17195	0.97978	0.9916	0.99306	0.99613	0.99884	0.99939
3.86	0.17232	0.97993	0.99167	0.99312	0.99617	0.99885	0.9994
3.87	0.17269	0.98007	0.99174	0.99318	0.9962	0.99886	0.99941
3.88	0.17306	0.98021	0.9918	0.99324	0.99624	0.99887	0.99941
3.89	0.17343	0.98035	0.99187	0.99329	0.99627	0.99888	0.99942
3.9	0.1738	0.98049	0.99194	0.99335	0.9963	0.99889	0.99942
3.91	0.17417	0.98063	0.992	0.99341	0.99634	0.9989	0.99943
3.92	0.17454	0.98077	0.99207	0.99346	0.99637	0.99891	0.99943
3.93	0.17491	0.98091	0.99214	0.99352	0.9964	0.99892	0.99944
3.94	0.17528	0.98104	0.9922	0.99357	0.99643	0.99893	0.99944
3.95	0.17565	0.98118	0.99226	0.99363	0.99646	0.99894	0.99945
3.96	0.17601	0.98131	0.99233	0.99368	0.99649	0.99895	0.99946
3.97	0.17638	0.98145	0.99239	0.99374	0.99653	0.99896	0.99946
3.98	0.17675	0.98158	0.99245	0.99379	0.99656	0.99897	0.99947
3.99	0.17712	0.98171	0.99252	0.99384	0.99659	0.99898	0.99947
4	0.17749	0.98184	0.99258	0.99389	0.99662	0.99899	0.99948
4.01	0.17786	0.98197	0.99264	0.99395	0.99665	0.999	0.99948
4.02	0.17822	0.9821	0.9927	0.994	0.99668	0.99901	0.99949
4.03	0.17859	0.98222	0.99276	0.99405	0.99671	0.99902	0.99949
4.04	0.17896	0.98235	0.99282	0.9941	0.99673	0.99903	0.9995
4.05	0.17933	0.98247	0.99288	0.99415	0.99676	0.99904	0.9995
4.06	0.17969	0.9826	0.99294	0.9942	0.99679	0.99905	0.99951
4.07	0.18006	0.98272	0.993	0.99425	0.99682	0.99906	0.99951
4.08	0.18043	0.98285	0.99306	0.9943	0.99685	0.99907	0.99952
4.09	0.18079	0.98297	0.99311	0.99435	0.99688	0.99908	0.99952
4.1	0.18116	0.98309	0.99317	0.99439	0.9969	0.99909	0.99952
4.11	0.18153	0.98321	0.99323	0.99444	0.99693	0.99909	0.99953
4.12	0.18189	0.98333	0.99328	0.99449	0.99696	0.9991	0.99953
4.13	0.18226	0.98345	0.99334	0.99454	0.99699	0.99911	0.99954
4.14	0.18262	0.98356	0.99339	0.99458	0.99701	0.99912	0.99954
4.15	0.18299	0.98368	0.99345	0.99463	0.99704	0.99913	0.99955
4.16	0.18336	0.98379	0.9935	0.99467	0.99706	0.99914	0.99955
4.17	0.18372	0.98391	0.99356	0.99472	0.99709	0.99914	0.99956
4.18	0.18409	0.98402	0.99361	0.99476	0.99712	0.99915	0.99956
4.19	0.18445	0.98414	0.99366	0.99481	0.99714	0.99916	0.99956
4.2	0.18482	0.98425	0.99372	0.99485	0.99717	0.99917	0.99957
4.21	0.18518	0.98436	0.99377	0.9949	0.99719	0.99918	0.99957
4.22	0.18555	0.98447	0.99382	0.99494	0.99722	0.99918	0.99958
4.23	0.18591	0.98458	0.99387	0.99498	0.99724	0.99919	0.99958
4.24	0.18627	0.98469	0.99392	0.99502	0.99727	0.9992	0.99959
4.25	0.18664	0.9848	0.99397	0.99507	0.99729	0.99921	0.99959
4.26	0.187	0.98491	0.99402	0.99511	0.99731	0.99922	0.99959
4.27	0.18737	0.98502	0.99407	0.99515	0.99734	0.99922	0.9996
4.28	0.18773	0.98512	0.99412	0.99519	0.99736	0.99923	0.9996
4.29	0.18809	0.98523	0.99417	0.99523	0.99738	0.99924	0.99961
4.3	0.18846	0.98533	0.99422	0.99527	0.99741	0.99924	0.99961
4.31	0.18882	0.98544	0.99427	0.99531	0.99743	0.99925	0.99961
4.32	0.18918	0.98554	0.99432	0.99535	0.99745	0.99926	0.99962
4.33	0.18955	0.98564	0.99436	0.99539	0.99748	0.99927	0.99962
4.34	0.18991	0.98574	0.99441	0.99543	0.9975	0.99927	0.99962
4.35	0.19027	0.98585	0.99446	0.99547	0.99752	0.99928	0.99963
4.36	0.19063	0.98595	0.9945	0.99551	0.99754	0.99929	0.99963
4.37	0.191	0.98605	0.99455	0.99554	0.99756	0.99929	0.99963
4.38	0.19136	0.98615	0.99459	0.99558	0.99759	0.9993	0.99964
4.39	0.19172	0.98624	0.99464	0.99562	0.99761	0.99931	0.99964
4.4	0.19208	0.98634	0.99468	0.99566	0.99763	0.99931	0.99965
4.41	0.19244	0.98644	0.99473	0.99569	0.99765	0.99932	0.99965
4.42	0.1928	0.98654	0.99477	0.99573	0.99767	0.99933	0.99965
4.43	0.19316	0.98663	0.99481	0.99577	0.99769	0.99933	0.99966
4.44	0.19353	0.98673	0.99486	0.9958	0.99771	0.99934	0.99966
4.45	0.19389	0.98682	0.9949	0.99584	0.99773	0.99935	0.99966
4.46	0.19425	0.98692	0.99494	0.99587	0.99775	0.99935	0.99967
4.47	0.19461	0.98701	0.99498	0.99591	0.99777	0.99936	0.99967
4.48	0.19497	0.9871	0.99502	0.99594	0.99779	0.99936	0.99967
4.49	0.19533	0.98719	0.99506	0.99597	0.99781	0.99937	0.99967
4.5	0.19569	0.98728	0.99511	0.99601	0.99783	0.99938	0.99968
4.51	0.19605	0.98738	0.99515	0.99604	0.99785	0.99938	0.99968
4.52	0.19641	0.98747	0.99519	0.99608	0.99787	0.99939	0.99968
4.53	0.19677	0.98756	0.99523	0.99611	0.99789	0.99939	0.99969
4.54	0.19713	0.98764	0.99527	0.99614	0.99791	0.9994	0.99969
4.55	0.19749	0.98773	0.9953	0.99617	0.99792	0.99941	0.99969
4.56	0.19785	0.98782	0.99534	0.99621	0.99794	0.99941	0.9997
4.57	0.19821	0.98791	0.99538	0.99624	0.99796	0.99942	0.9997
4.58	0.19856	0.98799	0.99542	0.99627	0.99798	0.99942	0.9997
4.59	0.19892	0.98808	0.99546	0.9963	0.998	0.99943	0.99971
4.6	0.19928	0.98816	0.9955	0.99633	0.99802	0.99943	0.99971
4.61	0.19964	0.98825	0.99553	0.99636	0.99803	0.99944	0.99971
4.62	0.2	0.98833	0.99557	0.99639	0.99805	0.99944	0.99971
4.63	0.20036	0.98842	0.99561	0.99642	0.99807	0.99945	0.99972
4.64	0.20071	0.9885	0.99564	0.99645	0.99808	0.99945	0.99972
4.65	0.20107	0.98858	0.99568	0.99648	0.9981	0.99946	0.99972
4.66	0.20143	0.98866	0.99571	0.99651	0.99812	0.99946	0.99972
4.67	0.20179	0.98875	0.99575	0.99654	0.99814	0.99947	0.99973
4.68	0.20214	0.98883	0.99578	0.99657	0.99815	0.99947	0.99973
4.69	0.2025	0.98891	0.99582	0.9966	0.99817	0.99948	0.99973
4.7	0.20286	0.98899	0.99585	0.99663	0.99818	0.99948	0.99974
4.71	0.20321	0.98906	0.99589	0.99666	0.9982	0.99949	0.99974
4.72	0.20357	0.98914	0.99592	0.99668	0.99822	0.99949	0.99974
4.73	0.20393	0.98922	0.99595	0.99671	0.99823	0.9995	0.99974
4.74	0.20428	0.9893	0.99599	0.99674	0.99825	0.9995	0.99975
4.75	0.20464	0.98937	0.99602	0.99677	0.99826	0.99951	0.99975
4.76	0.205	0.98945	0.99605	0.99679	0.99828	0.99951	0.99975
4.77	0.20535	0.98953	0.99609	0.99682	0.99829	0.99952	0.99975
4.78	0.20571	0.9896	0.99612	0.99685	0.99831	0.99952	0.99976
4.79	0.20606	0.98968	0.99615	0.99687	0.99832	0.99953	0.99976
4.8	0.20642	0.98975	0.99618	0.9969	0.99834	0.99953	0.99976
4.81	0.20677	0.98982	0.99621	0.99693	0.99835	0.99954	0.99976
4.82	0.20713	0.9899	0.99624	0.99695	0.99837	0.99954	0.99976
4.83	0.20748	0.98997	0.99628	0.99698	0.99838	0.99954	0.99977
4.84	0.20784	0.99004	0.99631	0.997	0.9984	0.99955	0.99977
4.85	0.20819	0.99011	0.99634	0.99703	0.99841	0.99955	0.99977
4.86	0.20855	0.99019	0.99637	0.99705	0.99843	0.99956	0.99977
4.87	0.2089	0.99026	0.9964	0.99708	0.99844	0.99956	0.99978
4.88	0.20926	0.99033	0.99643	0.9971	0.99845	0.99957	0.99978
4.89	0.20961	0.9904	0.99646	0.99713	0.99847	0.99957	0.99978
4.9	0.20996	0.99046	0.99648	0.99715	0.99848	0.99957	0.99978
4.91	0.21032	0.99053	0.99651	0.99717	0.99849	0.99958	0.99978
4.92	0.21067	0.9906	0.99654	0.9972	0.99851	0.99958	0.99979
4.93	0.21102	0.99067	0.99657	0.99722	0.99852	0.99959	0.99979
4.94	0.21138	0.99074	0.9966	0.99724	0.99853	0.99959	0.99979
4.95	0.21173	0.9908	0.99663	0.99727	0.99855	0.99959	0.99979
4.96	0.21208	0.99087	0.99665	0.99729	0.99856	0.9996	0.99979
4.97	0.21244	0.99094	0.99668	0.99731	0.99857	0.9996	0.9998
4.98	0.21279	0.991	0.99671	0.99733	0.99859	0.99961	0.9998
4.99	0.21314	0.99107	0.99674	0.99736	0.9986	0.99961	0.9998
5	0.21349	0.99113	0.99676	0.99738	0.99861	0.99961	0.9998
5.01	0.21384	0.99119	0.99679	0.9974	0.99862	0.99962	0.9998
5.02	0.2142	0.99126	0.99681	0.99742	0.99863	0.99962	0.99981
5.03	0.21455	0.99132	0.99684	0.99744	0.99865	0.99962	0.99981
5.04	0.2149	0.99138	0.99687	0.99747	0.99866	0.99963	0.99981
5.05	0.21525	0.99145	0.99689	0.99749	0.99867	0.99963	0.99981
5.06	0.2156	0.99151	0.99692	0.99751	0.99868	0.99963	0.99981
5.07	0.21595	0.99157	0.99694	0.99753	0.99869	0.99964	0.99982
5.08	0.21631	0.99163	0.99697	0.99755	0.99871	0.99964	0.99982
5.09	0.21666	0.99169	0.99699	0.99757	0.99872	0.99964	0.99982
5.1	0.21701	0.99175	0.99702	0.99759	0.99873	0.99965	0.99982
5.11	0.21736	0.99181	0.99704	0.99761	0.99874	0.99965	0.99982
5.12	0.21771	0.99187	0.99707	0.99763	0.99875	0.99965	0.99982
5.13	0.21806	0.99193	0.99709	0.99765	0.99876	0.99966	0.99983
5.14	0.21841	0.99199	0.99711	0.99767	0.99877	0.99966	0.99983
5.15	0.21876	0.99204	0.99714	0.99769	0.99878	0.99966	0.99983
5.16	0.21911	0.9921	0.99716	0.99771	0.99879	0.99967	0.99983
5.17	0.21946	0.99216	0.99718	0.99773	0.99881	0.99967	0.99983
5.18	0.21981	0.99221	0.99721	0.99775	0.99882	0.99967	0.99983
5.19	0.22016	0.99227	0.99723	0.99777	0.99883	0.99968	0.99984
5.2	0.2205	0.99233	0.99725	0.99778	0.99884	0.99968	0.99984
5.21	0.22085	0.99238	0.99728	0.9978	0.99885	0.99968	0.99984
5.22	0.2212	0.99244	0.9973	0.99782	0.99886	0.99969	0.99984
5.23	0.22155	0.99249	0.99732	0.99784	0.99887	0.99969	0.99984
5.24	0.2219	0.99255	0.99734	0.99786	0.99888	0.99969	0.99984
5.25	0.22225	0.9926	0.99736	0.99788	0.99889	0.9997	0.99985
5.26	0.2226	0.99265	0.99739	0.99789	0.9989	0.9997	0.99985
5.27	0.22294	0.99271	0.99741	0.99791	0.99891	0.9997	0.99985
5.28	0.22329	0.99276	0.99743	0.99793	0.99892	0.9997	0.99985
5.29	0.22364	0.99281	0.99745	0.99795	0.99893	0.99971	0.99985
5.3	0.22399	0.99286	0.99747	0.99796	0.99894	0.99971	0.99985
5.31	0.22433	0.99292	0.99749	0.99798	0.99895	0.99971	0.99985
5.32	0.22468	0.99297	0.99751	0.998	0.99895	0.99971	0.99986
5.33	0.22503	0.99302	0.99753	0.99801	0.99896	0.99972	0.99986
5.34	0.22538	0.99307	0.99755	0.99803	0.99897	0.99972	0.99986
5.35	0.22572	0.99312	0.99757	0.99805	0.99898	0.99972	0.99986
5.36	0.22607	0.99317	0.99759	0.99806	0.99899	0.99973	0.99986
5.37	0.22642	0.99322	0.99761	0.99808	0.999	0.99973	0.99986
5.38	0.22676	0.99327	0.99763	0.9981	0.99901	0.99973	0.99986
5.39	0.22711	0.99331	0.99765	0.99811	0.99902	0.99973	0.99986
5.4	0.22745	0.99336	0.99767	0.99813	0.99903	0.99974	0.99987
5.41	0.2278	0.99341	0.99769	0.99814	0.99904	0.99974	0.99987
5.42	0.22815	0.99346	0.99771	0.99816	0.99904	0.99974	0.99987
5.43	0.22849	0.99351	0.99773	0.99817	0.99905	0.99974	0.99987
5.44	0.22884	0.99355	0.99775	0.99819	0.99906	0.99975	0.99987
5.45	0.22918	0.9936	0.99776	0.99821	0.99907	0.99975	0.99987
5.46	0.22953	0.99365	0.99778	0.99822	0.99908	0.99975	0.99987
5.47	0.22987	0.99369	0.9978	0.99824	0.99909	0.99975	0.99987
5.48	0.23022	0.99374	0.99782	0.99825	0.99909	0.99976	0.99988
5.49	0.23056	0.99378	0.99784	0.99826	0.9991	0.99976	0.99988
5.5	0.23091	0.99383	0.99785	0.99828	0.99911	0.99976	0.99988
5.51	0.23125	0.99387	0.99787	0.99829	0.99912	0.99976	0.99988
5.52	0.23159	0.99392	0.99789	0.99831	0.99913	0.99976	0.99988
5.53	0.23194	0.99396	0.99791	0.99832	0.99913	0.99977	0.99988
5.54	0.23228	0.994	0.99792	0.99834	0.99914	0.99977	0.99988
5.55	0.23263	0.99405	0.99794	0.99835	0.99915	0.99977	0.99988
5.56	0.23297	0.99409	0.99796	0.99836	0.99916	0.99977	0.99989
5.57	0.23331	0.99413	0.99797	0.99838	0.99916	0.99978	0.99989
5.58	0.23366	0.99418	0.99799	0.99839	0.99917	0.99978	0.99989
5.59	0.234	0.99422	0.99801	0.9984	0.99918	0.99978	0.99989
5.6	0.23434	0.99426	0.99802	0.99842	0.99919	0.99978	0.99989
5.61	0.23468	0.9943	0.99804	0.99843	0.99919	0.99978	0.99989
5.62	0.23503	0.99434	0.99806	0.99844	0.9992	0.99979	0.99989
5.63	0.23537	0.99438	0.99807	0.99846	0.99921	0.99979	0.99989
5.64	0.23571	0.99442	0.99809	0.99847	0.99921	0.99979	0.99989
5.65	0.23605	0.99446	0.9981	0.99848	0.99922	0.99979	0.9999
5.66	0.2364	0.9945	0.99812	0.9985	0.99923	0.99979	0.9999
5.67	0.23674	0.99454	0.99813	0.99851	0.99923	0.9998	0.9999
5.68	0.23708	0.99458	0.99815	0.99852	0.99924	0.9998	0.9999
5.69	0.23742	0.99462	0.99816	0.99853	0.99925	0.9998	0.9999
5.7	0.23776	0.99466	0.99818	0.99855	0.99925	0.9998	0.9999
5.71	0.2381	0.9947	0.99819	0.99856	0.99926	0.9998	0.9999
5.72	0.23844	0.99474	0.99821	0.99857	0.99927	0.99981	0.9999
5.73	0.23879	0.99478	0.99822	0.99858	0.99927	0.99981	0.9999
5.74	0.23913	0.99481	0.99824	0.99859	0.99928	0.99981	0.9999
5.75	0.23947	0.99485	0.99825	0.99861	0.99929	0.99981	0.9999
5.76	0.23981	0.99489	0.99827	0.99862	0.99929	0.99981	0.99991
5.77	0.24015	0.99493	0.99828	0.99863	0.9993	0.99981	0.99991
5.78	0.24049	0.99496	0.9983	0.99864	0.99931	0.99982	0.99991
5.79	0.24083	0.995	0.99831	0.99865	0.99931	0.99982	0.99991
5.8	0.24117	0.99503	0.99832	0.99866	0.99932	0.99982	0.99991
5.81	0.24151	0.99507	0.99834	0.99867	0.99932	0.99982	0.99991
5.82	0.24185	0.99511	0.99835	0.99869	0.99933	0.99982	0.99991
5.83	0.24219	0.99514	0.99836	0.9987	0.99934	0.99982	0.99991
5.84	0.24253	0.99518	0.99838	0.99871	0.99934	0.99983	0.99991
5.85	0.24287	0.99521	0.99839	0.99872	0.99935	0.99983	0.99991
5.86	0.2432	0.99525	0.9984	0.99873	0.99935	0.99983	0.99991
5.87	0.24354	0.99528	0.99842	0.99874	0.99936	0.99983	0.99992
5.88	0.24388	0.99531	0.99843	0.99875	0.99937	0.99983	0.99992
5.89	0.24422	0.99535	0.99844	0.99876	0.99937	0.99983	0.99992
5.9	0.24456	0.99538	0.99846	0.99877	0.99938	0.99984	0.99992
5.91	0.2449	0.99541	0.99847	0.99878	0.99938	0.99984	0.99992
5.92	0.24523	0.99545	0.99848	0.99879	0.99939	0.99984	0.99992
5.93	0.24557	0.99548	0.99849	0.9988	0.99939	0.99984	0.99992
5.94	0.24591	0.99551	0.99851	0.99881	0.9994	0.99984	0.99992
5.95	0.24625	0.99555	0.99852	0.99882	0.9994	0.99984	0.99992
5.96	0.24659	0.99558	0.99853	0.99883	0.99941	0.99985	0.99992
5.97	0.24692	0.99561	0.99854	0.99884	0.99941	0.99985	0.99992
5.98	0.24726	0.99564	0.99856	0.99885	0.99942	0.99985	0.99992
5.99	0.2476	0.99567	0.99857	0.99886	0.99942	0.99985	0.99992
6	0.24793	0.9957	0.99858	0.99887	0.99943	0.99985	0.99993
6.01	0.24827	0.99574	0.99859	0.99888	0.99943	0.99985	0.99993
6.02	0.24861	0.99577	0.9986	0.99889	0.99944	0.99985	0.99993
6.03	0.24894	0.9958	0.99861	0.9989	0.99944	0.99986	0.99993
6.04	0.24928	0.99583	0.99862	0.99891	0.99945	0.99986	0.99993
6.05	0.24962	0.99586	0.99864	0.99892	0.99945	0.99986	0.99993
6.06	0.24995	0.99589	0.99865	0.99893	0.99946	0.99986	0.99993
6.07	0.25029	0.99592	0.99866	0.99894	0.99946	0.99986	0.99993
6.08	0.25062	0.99595	0.99867	0.99894	0.99947	0.99986	0.99993
6.09	0.25096	0.99598	0.99868	0.99895	0.99947	0.99986	0.99993
6.1	0.25129	0.996	0.99869	0.99896	0.99948	0.99986	0.99993
6.11	0.25163	0.99603	0.9987	0.99897	0.99948	0.99987	0.99993
6.12	0.25196	0.99606	0.99871	0.99898	0.99949	0.99987	0.99993
6.13	0.2523	0.99609	0.99872	0.99899	0.99949	0.99987	0.99993
6.14	0.25263	0.99612	0.99873	0.999	0.9995	0.99987	0.99993
6.15	0.25297	0.99615	0.99874	0.999	0.9995	0.99987	0.99994
6.16	0.2533	0.99617	0.99875	0.99901	0.99951	0.99987	0.99994
6.17	0.25364	0.9962	0.99876	0.99902	0.99951	0.99987	0.99994
6.18	0.25397	0.99623	0.99877	0.99903	0.99951	0.99987	0.99994
6.19	0.2543	0.99626	0.99878	0.99904	0.99952	0.99988	0.99994
6.2	0.25464	0.99628	0.99879	0.99905	0.99952	0.99988	0.99994
6.21	0.25497	0.99631	0.9988	0.99905	0.99953	0.99988	0.99994
6.22	0.25531	0.99634	0.99881	0.99906	0.99953	0.99988	0.99994
6.23	0.25564	0.99636	0.99882	0.99907	0.99954	0.99988	0.99994
6.24	0.25597	0.99639	0.99883	0.99908	0.99954	0.99988	0.99994
6.25	0.25631	0.99642	0.99884	0.99909	0.99954	0.99988	0.99994
6.26	0.25664	0.99644	0.99885	0.99909	0.99955	0.99988	0.99994
6.27	0.25697	0.99647	0.99886	0.9991	0.99955	0.99989	0.99994
6.28	0.2573	0.99649	0.99887	0.99911	0.99956	0.99989	0.99994
6.29	0.25764	0.99652	0.99888	0.99912	0.99956	0.99989	0.99994
6.3	0.25797	0.99654	0.99889	0.99912	0.99956	0.99989	0.99994
6.31	0.2583	0.99657	0.9989	0.99913	0.99957	0.99989	0.99994
6.32	0.25863	0.99659	0.99891	0.99914	0.99957	0.99989	0.99995
6.33	0.25897	0.99662	0.99892	0.99915	0.99957	0.99989	0.99995
6.34	0.2593	0.99664	0.99893	0.99915	0.99958	0.99989	0.99995
6.35	0.25963	0.99667	0.99894	0.99916	0.99958	0.99989	0.99995
6.36	0.25996	0.99669	0.99894	0.99917	0.99959	0.99989	0.99995
6.37	0.26029	0.99671	0.99895	0.99917	0.99959	0.9999	0.99995
6.38	0.26062	0.99674	0.99896	0.99918	0.99959	0.9999	0.99995
6.39	0.26095	0.99676	0.99897	0.99919	0.9996	0.9999	0.99995
6.4	0.26128	0.99678	0.99898	0.99919	0.9996	0.9999	0.99995
6.41	0.26162	0.99681	0.99899	0.9992	0.9996	0.9999	0.99995
6.42	0.26195	0.99683	0.99899	0.99921	0.99961	0.9999	0.99995
6.43	0.26228	0.99685	0.999	0.99921	0.99961	0.9999	0.99995
6.44	0.26261	0.99688	0.99901	0.99922	0.99961	0.9999	0.99995
6.45	0.26294	0.9969	0.99902	0.99923	0.99962	0.9999	0.99995
6.46	0.26327	0.99692	0.99903	0.99923	0.99962	0.9999	0.99995
6.47	0.2636	0.99694	0.99904	0.99924	0.99962	0.99991	0.99995
6.48	0.26393	0.99697	0.99904	0.99925	0.99963	0.99991	0.99995
6.49	0.26426	0.99699	0.99905	0.99925	0.99963	0.99991	0.99995
6.5	0.26458	0.99701	0.99906	0.99926	0.99963	0.99991	0.99995
6.51	0.26491	0.99703	0.99907	0.99927	0.99964	0.99991	0.99995
6.52	0.26524	0.99705	0.99907	0.99927	0.99964	0.99991	0.99996
6.53	0.26557	0.99707	0.99908	0.99928	0.99964	0.99991	0.99996
6.54	0.2659	0.99709	0.99909	0.99928	0.99965	0.99991	0.99996
6.55	0.26623	0.99712	0.9991	0.99929	0.99965	0.99991	0.99996
6.56	0.26656	0.99714	0.9991	0.9993	0.99965	0.99991	0.99996
6.57	0.26689	0.99716	0.99911	0.9993	0.99966	0.99991	0.99996
6.58	0.26721	0.99718	0.99912	0.99931	0.99966	0.99991	0.99996
6.59	0.26754	0.9972	0.99913	0.99931	0.99966	0.99992	0.99996
6.6	0.26787	0.99722	0.99913	0.99932	0.99967	0.99992	0.99996
6.61	0.2682	0.99724	0.99914	0.99932	0.99967	0.99992	0.99996
6.62	0.26853	0.99726	0.99915	0.99933	0.99967	0.99992	0.99996
6.63	0.26885	0.99728	0.99915	0.99934	0.99967	0.99992	0.99996
6.64	0.26918	0.9973	0.99916	0.99934	0.99968	0.99992	0.99996
6.65	0.26951	0.99732	0.99917	0.99935	0.99968	0.99992	0.99996
6.66	0.26984	0.99734	0.99918	0.99935	0.99968	0.99992	0.99996
6.67	0.27016	0.99735	0.99918	0.99936	0.99969	0.99992	0.99996
6.68	0.27049	0.99737	0.99919	0.99936	0.99969	0.99992	0.99996
6.69	0.27082	0.99739	0.9992	0.99937	0.99969	0.99992	0.99996
6.7	0.27114	0.99741	0.9992	0.99937	0.99969	0.99992	0.99996
6.71	0.27147	0.99743	0.99921	0.99938	0.9997	0.99992	0.99996
6.72	0.27179	0.99745	0.99922	0.99938	0.9997	0.99993	0.99996
6.73	0.27212	0.99747	0.99922	0.99939	0.9997	0.99993	0.99996
6.74	0.27245	0.99749	0.99923	0.99939	0.9997	0.99993	0.99996
6.75	0.27277	0.9975	0.99923	0.9994	0.99971	0.99993	0.99996
6.76	0.2731	0.99752	0.99924	0.9994	0.99971	0.99993	0.99996
6.77	0.27342	0.99754	0.99925	0.99941	0.99971	0.99993	0.99996
6.78	0.27375	0.99756	0.99925	0.99941	0.99972	0.99993	0.99997
6.79	0.27407	0.99757	0.99926	0.99942	0.99972	0.99993	0.99997
6.8	0.2744	0.99759	0.99927	0.99942	0.99972	0.99993	0.99997
6.81	0.27472	0.99761	0.99927	0.99943	0.99972	0.99993	0.99997
6.82	0.27505	0.99763	0.99928	0.99943	0.99973	0.99993	0.99997
6.83	0.27537	0.99764	0.99928	0.99944	0.99973	0.99993	0.99997
6.84	0.2757	0.99766	0.99929	0.99944	0.99973	0.99993	0.99997
6.85	0.27602	0.99768	0.99929	0.99945	0.99973	0.99993	0.99997
6.86	0.27635	0.99769	0.9993	0.99945	0.99973	0.99993	0.99997
6.87	0.27667	0.99771	0.99931	0.99946	0.99974	0.99994	0.99997
6.88	0.27699	0.99773	0.99931	0.99946	0.99974	0.99994	0.99997
6.89	0.27732	0.99774	0.99932	0.99947	0.99974	0.99994	0.99997
6.9	0.27764	0.99776	0.99932	0.99947	0.99974	0.99994	0.99997
6.91	0.27796	0.99778	0.99933	0.99948	0.99975	0.99994	0.99997
6.92	0.27829	0.99779	0.99933	0.99948	0.99975	0.99994	0.99997
6.93	0.27861	0.99781	0.99934	0.99948	0.99975	0.99994	0.99997
6.94	0.27893	0.99782	0.99935	0.99949	0.99975	0.99994	0.99997
6.95	0.27926	0.99784	0.99935	0.99949	0.99976	0.99994	0.99997
6.96	0.27958	0.99786	0.99936	0.9995	0.99976	0.99994	0.99997
6.97	0.2799	0.99787	0.99936	0.9995	0.99976	0.99994	0.99997
6.98	0.28022	0.99789	0.99937	0.99951	0.99976	0.99994	0.99997
6.99	0.28055	0.9979	0.99937	0.99951	0.99976	0.99994	0.99997
7	0.28087	0.99792	0.99938	0.99951	0.99977	0.99994	0.99997
7.01	0.28119	0.99793	0.99938	0.99952	0.99977	0.99994	0.99997
7.02	0.28151	0.99795	0.99939	0.99952	0.99977	0.99994	0.99997
7.03	0.28183	0.99796	0.99939	0.99953	0.99977	0.99994	0.99997
7.04	0.28215	0.99798	0.9994	0.99953	0.99977	0.99994	0.99997
7.05	0.28248	0.99799	0.9994	0.99953	0.99978	0.99995	0.99997
7.06	0.2828	0.99801	0.99941	0.99954	0.99978	0.99995	0.99997
7.07	0.28312	0.99802	0.99941	0.99954	0.99978	0.99995	0.99997
7.08	0.28344	0.99803	0.99942	0.99955	0.99978	0.99995	0.99997
7.09	0.28376	0.99805	0.99942	0.99955	0.99978	0.99995	0.99997
7.1	0.28408	0.99806	0.99943	0.99955	0.99979	0.99995	0.99997
7.11	0.2844	0.99808	0.99943	0.99956	0.99979	0.99995	0.99997
7.12	0.28472	0.99809	0.99944	0.99956	0.99979	0.99995	0.99997
7.13	0.28504	0.9981	0.99944	0.99956	0.99979	0.99995	0.99998
7.14	0.28536	0.99812	0.99944	0.99957	0.99979	0.99995	0.99998
7.15	0.28568	0.99813	0.99945	0.99957	0.9998	0.99995	0.99998
7.16	0.286	0.99814	0.99945	0.99958	0.9998	0.99995	0.99998
7.17	0.28632	0.99816	0.99946	0.99958	0.9998	0.99995	0.99998
7.18	0.28664	0.99817	0.99946	0.99958	0.9998	0.99995	0.99998
7.19	0.28696	0.99818	0.99947	0.99959	0.9998	0.99995	0.99998
7.2	0.28728	0.9982	0.99947	0.99959	0.9998	0.99995	0.99998
7.21	0.2876	0.99821	0.99948	0.99959	0.99981	0.99995	0.99998
7.22	0.28792	0.99822	0.99948	0.9996	0.99981	0.99995	0.99998
7.23	0.28824	0.99824	0.99948	0.9996	0.99981	0.99995	0.99998
7.24	0.28855	0.99825	0.99949	0.9996	0.99981	0.99995	0.99998
7.25	0.28887	0.99826	0.99949	0.99961	0.99981	0.99995	0.99998
7.26	0.28919	0.99827	0.9995	0.99961	0.99981	0.99996	0.99998
7.27	0.28951	0.99829	0.9995	0.99961	0.99982	0.99996	0.99998
7.28	0.28983	0.9983	0.99951	0.99962	0.99982	0.99996	0.99998
7.29	0.29015	0.99831	0.99951	0.99962	0.99982	0.99996	0.99998
7.3	0.29046	0.99832	0.99951	0.99962	0.99982	0.99996	0.99998
7.31	0.29078	0.99834	0.99952	0.99963	0.99982	0.99996	0.99998
7.32	0.2911	0.99835	0.99952	0.99963	0.99982	0.99996	0.99998
7.33	0.29142	0.99836	0.99953	0.99963	0.99983	0.99996	0.99998
7.34	0.29173	0.99837	0.99953	0.99963	0.99983	0.99996	0.99998
7.35	0.29205	0.99838	0.99953	0.99964	0.99983	0.99996	0.99998
7.36	0.29237	0.99839	0.99954	0.99964	0.99983	0.99996	0.99998
7.37	0.29268	0.99841	0.99954	0.99964	0.99983	0.99996	0.99998
7.38	0.293	0.99842	0.99954	0.99965	0.99983	0.99996	0.99998
7.39	0.29332	0.99843	0.99955	0.99965	0.99983	0.99996	0.99998
7.4	0.29363	0.99844	0.99955	0.99965	0.99984	0.99996	0.99998
7.41	0.29395	0.99845	0.99956	0.99966	0.99984	0.99996	0.99998
7.42	0.29427	0.99846	0.99956	0.99966	0.99984	0.99996	0.99998
7.43	0.29458	0.99847	0.99956	0.99966	0.99984	0.99996	0.99998
7.44	0.2949	0.99848	0.99957	0.99966	0.99984	0.99996	0.99998
7.45	0.29521	0.9985	0.99957	0.99967	0.99984	0.99996	0.99998
7.46	0.29553	0.99851	0.99957	0.99967	0.99984	0.99996	0.99998
7.47	0.29584	0.99852	0.99958	0.99967	0.99985	0.99996	0.99998
7.48	0.29616	0.99853	0.99958	0.99968	0.99985	0.99996	0.99998
7.49	0.29647	0.99854	0.99958	0.99968	0.99985	0.99996	0.99998
7.5	0.29679	0.99855	0.99959	0.99968	0.99985	0.99996	0.99998
7.51	0.2971	0.99856	0.99959	0.99968	0.99985	0.99996	0.99998
7.52	0.29742	0.99857	0.99959	0.99969	0.99985	0.99997	0.99998
7.53	0.29773	0.99858	0.9996	0.99969	0.99985	0.99997	0.99998
7.54	0.29805	0.99859	0.9996	0.99969	0.99986	0.99997	0.99998
7.55	0.29836	0.9986	0.9996	0.99969	0.99986	0.99997	0.99998
7.56	0.29868	0.99861	0.99961	0.9997	0.99986	0.99997	0.99998
7.57	0.29899	0.99862	0.99961	0.9997	0.99986	0.99997	0.99998
7.58	0.2993	0.99863	0.99961	0.9997	0.99986	0.99997	0.99998
7.59	0.29962	0.99864	0.99962	0.9997	0.99986	0.99997	0.99998
7.6	0.29993	0.99865	0.99962	0.99971	0.99986	0.99997	0.99998
7.61	0.30024	0.99866	0.99962	0.99971	0.99986	0.99997	0.99998
7.62	0.30056	0.99867	0.99963	0.99971	0.99987	0.99997	0.99998
7.63	0.30087	0.99868	0.99963	0.99971	0.99987	0.99997	0.99998
7.64	0.30118	0.99869	0.99963	0.99972	0.99987	0.99997	0.99998
7.65	0.3015	0.9987	0.99964	0.99972	0.99987	0.99997	0.99999
7.66	0.30181	0.99871	0.99964	0.99972	0.99987	0.99997	0.99999
7.67	0.30212	0.99872	0.99964	0.99972	0.99987	0.99997	0.99999
7.68	0.30243	0.99873	0.99964	0.99973	0.99987	0.99997	0.99999
7.69	0.30275	0.99874	0.99965	0.99973	0.99987	0.99997	0.99999
7.7	0.30306	0.99874	0.99965	0.99973	0.99987	0.99997	0.99999
7.71	0.30337	0.99875	0.99965	0.99973	0.99988	0.99997	0.99999
7.72	0.30368	0.99876	0.99966	0.99973	0.99988	0.99997	0.99999
7.73	0.30399	0.99877	0.99966	0.99974	0.99988	0.99997	0.99999
7.74	0.30431	0.99878	0.99966	0.99974	0.99988	0.99997	0.99999
7.75	0.30462	0.99879	0.99966	0.99974	0.99988	0.99997	0.99999
7.76	0.30493	0.9988	0.99967	0.99974	0.99988	0.99997	0.99999
7.77	0.30524	0.99881	0.99967	0.99975	0.99988	0.99997	0.99999
7.78	0.30555	0.99882	0.99967	0.99975	0.99988	0.99997	0.99999
7.79	0.30586	0.99882	0.99968	0.99975	0.99988	0.99997	0.99999
7.8	0.30617	0.99883	0.99968	0.99975	0.99989	0.99997	0.99999
7.81	0.30648	0.99884	0.99968	0.99975	0.99989	0.99997	0.99999
7.82	0.30679	0.99885	0.99968	0.99976	0.99989	0.99997	0.99999
7.83	0.3071	0.99886	0.99969	0.99976	0.99989	0.99997	0.99999
7.84	0.30741	0.99887	0.99969	0.99976	0.99989	0.99997	0.99999
7.85	0.30772	0.99887	0.99969	0.99976	0.99989	0.99997	0.99999
7.86	0.30803	0.99888	0.99969	0.99976	0.99989	0.99997	0.99999
7.87	0.30834	0.99889	0.9997	0.99977	0.99989	0.99998	0.99999
7.88	0.30865	0.9989	0.9997	0.99977	0.99989	0.99998	0.99999
7.89	0.30896	0.99891	0.9997	0.99977	0.99989	0.99998	0.99999
7.9	0.30927	0.99891	0.9997	0.99977	0.99989	0.99998	0.99999
7.91	0.30958	0.99892	0.99971	0.99977	0.9999	0.99998	0.99999
7.92	0.30989	0.99893	0.99971	0.99978	0.9999	0.99998	0.99999
7.93	0.3102	0.99894	0.99971	0.99978	0.9999	0.99998	0.99999
7.94	0.31051	0.99894	0.99971	0.99978	0.9999	0.99998	0.99999
7.95	0.31082	0.99895	0.99972	0.99978	0.9999	0.99998	0.99999
7.96	0.31113	0.99896	0.99972	0.99978	0.9999	0.99998	0.99999
7.97	0.31143	0.99897	0.99972	0.99979	0.9999	0.99998	0.99999
7.98	0.31174	0.99898	0.99972	0.99979	0.9999	0.99998	0.99999
7.99	0.31205	0.99898	0.99972	0.99979	0.9999	0.99998	0.99999
8	0.31236	0.99899	0.99973	0.99979	0.9999	0.99998	0.99999
8.01	0.31267	0.999	0.99973	0.99979	0.9999	0.99998	0.99999
8.02	0.31297	0.999	0.99973	0.99979	0.99991	0.99998	0.99999
8.03	0.31328	0.99901	0.99973	0.9998	0.99991	0.99998	0.99999
8.04	0.31359	0.99902	0.99974	0.9998	0.99991	0.99998	0.99999
8.05	0.3139	0.99903	0.99974	0.9998	0.99991	0.99998	0.99999
8.06	0.3142	0.99903	0.99974	0.9998	0.99991	0.99998	0.99999
8.07	0.31451	0.99904	0.99974	0.9998	0.99991	0.99998	0.99999
8.08	0.31482	0.99905	0.99974	0.9998	0.99991	0.99998	0.99999
8.09	0.31512	0.99905	0.99975	0.99981	0.99991	0.99998	0.99999
8.1	0.31543	0.99906	0.99975	0.99981	0.99991	0.99998	0.99999
8.11	0.31574	0.99907	0.99975	0.99981	0.99991	0.99998	0.99999
8.12	0.31604	0.99907	0.99975	0.99981	0.99991	0.99998	0.99999
8.13	0.31635	0.99908	0.99975	0.99981	0.99991	0.99998	0.99999
8.14	0.31666	0.99909	0.99976	0.99981	0.99992	0.99998	0.99999
8.15	0.31696	0.99909	0.99976	0.99982	0.99992	0.99998	0.99999
8.16	0.31727	0.9991	0.99976	0.99982	0.99992	0.99998	0.99999
8.17	0.31757	0.99911	0.99976	0.99982	0.99992	0.99998	0.99999
8.18	0.31788	0.99911	0.99976	0.99982	0.99992	0.99998	0.99999
8.19	0.31818	0.99912	0.99977	0.99982	0.99992	0.99998	0.99999
8.2	0.31849	0.99913	0.99977	0.99982	0.99992	0.99998	0.99999
8.21	0.3188	0.99913	0.99977	0.99982	0.99992	0.99998	0.99999
8.22	0.3191	0.99914	0.99977	0.99983	0.99992	0.99998	0.99999
8.23	0.3194	0.99914	0.99977	0.99983	0.99992	0.99998	0.99999
8.24	0.31971	0.99915	0.99978	0.99983	0.99992	0.99998	0.99999
8.25	0.32001	0.99916	0.99978	0.99983	0.99992	0.99998	0.99999
8.26	0.32032	0.99916	0.99978	0.99983	0.99992	0.99998	0.99999
8.27	0.32062	0.99917	0.99978	0.99983	0.99992	0.99998	0.99999
8.28	0.32093	0.99918	0.99978	0.99983	0.99993	0.99998	0.99999
8.29	0.32123	0.99918	0.99978	0.99984	0.99993	0.99998	0.99999
8.3	0.32153	0.99919	0.99979	0.99984	0.99993	0.99998	0.99999
8.31	0.32184	0.99919	0.99979	0.99984	0.99993	0.99998	0.99999
8.32	0.32214	0.9992	0.99979	0.99984	0.99993	0.99998	0.99999
8.33	0.32245	0.9992	0.99979	0.99984	0.99993	0.99998	0.99999
8.34	0.32275	0.99921	0.99979	0.99984	0.99993	0.99998	0.99999
8.35	0.32305	0.99922	0.9998	0.99984	0.99993	0.99998	0.99999
8.36	0.32336	0.99922	0.9998	0.99985	0.99993	0.99998	0.99999
8.37	0.32366	0.99923	0.9998	0.99985	0.99993	0.99998	0.99999
8.38	0.32396	0.99923	0.9998	0.99985	0.99993	0.99998	0.99999
8.39	0.32426	0.99924	0.9998	0.99985	0.99993	0.99998	0.99999
8.4	0.32457	0.99924	0.9998	0.99985	0.99993	0.99998	0.99999
8.41	0.32487	0.99925	0.99981	0.99985	0.99993	0.99999	0.99999
8.42	0.32517	0.99925	0.99981	0.99985	0.99993	0.99999	0.99999
8.43	0.32547	0.99926	0.99981	0.99985	0.99993	0.99999	0.99999
8.44	0.32577	0.99927	0.99981	0.99986	0.99994	0.99999	0.99999
8.45	0.32608	0.99927	0.99981	0.99986	0.99994	0.99999	0.99999
8.46	0.32638	0.99928	0.99981	0.99986	0.99994	0.99999	0.99999
8.47	0.32668	0.99928	0.99981	0.99986	0.99994	0.99999	0.99999
8.48	0.32698	0.99929	0.99982	0.99986	0.99994	0.99999	0.99999
8.49	0.32728	0.99929	0.99982	0.99986	0.99994	0.99999	0.99999
8.5	0.32758	0.9993	0.99982	0.99986	0.99994	0.99999	0.99999
8.51	0.32789	0.9993	0.99982	0.99986	0.99994	0.99999	0.99999
8.52	0.32819	0.99931	0.99982	0.99986	0.99994	0.99999	0.99999
8.53	0.32849	0.99931	0.99982	0.99987	0.99994	0.99999	0.99999
8.54	0.32879	0.99932	0.99982	0.99987	0.99994	0.99999	0.99999
8.55	0.32909	0.99932	0.99983	0.99987	0.99994	0.99999	0.99999
8.56	0.32939	0.99933	0.99983	0.99987	0.99994	0.99999	0.99999
8.57	0.32969	0.99933	0.99983	0.99987	0.99994	0.99999	0.99999
8.58	0.32999	0.99934	0.99983	0.99987	0.99994	0.99999	0.99999
8.59	0.33029	0.99934	0.99983	0.99987	0.99994	0.99999	0.99999
8.6	0.33059	0.99935	0.99983	0.99987	0.99994	0.99999	0.99999
8.61	0.33089	0.99935	0.99983	0.99987	0.99994	0.99999	0.99999
8.62	0.33119	0.99936	0.99984	0.99988	0.99994	0.99999	0.99999
8.63	0.33149	0.99936	0.99984	0.99988	0.99995	0.99999	0.99999
8.64	0.33179	0.99936	0.99984	0.99988	0.99995	0.99999	0.99999
8.65	0.33209	0.99937	0.99984	0.99988	0.99995	0.99999	0.99999
8.66	0.33238	0.99937	0.99984	0.99988	0.99995	0.99999	0.99999
8.67	0.33268	0.99938	0.99984	0.99988	0.99995	0.99999	0.99999
8.68	0.33298	0.99938	0.99984	0.99988	0.99995	0.99999	0.99999
8.69	0.33328	0.99939	0.99985	0.99988	0.99995	0.99999	0.99999
8.7	0.33358	0.99939	0.99985	0.99988	0.99995	0.99999	0.99999
8.71	0.33388	0.9994	0.99985	0.99988	0.99995	0.99999	0.99999
8.72	0.33418	0.9994	0.99985	0.99989	0.99995	0.99999	0.99999
8.73	0.33447	0.9994	0.99985	0.99989	0.99995	0.99999	0.99999
8.74	0.33477	0.99941	0.99985	0.99989	0.99995	0.99999	0.99999
8.75	0.33507	0.99941	0.99985	0.99989	0.99995	0.99999	0.99999
8.76	0.33537	0.99942	0.99985	0.99989	0.99995	0.99999	0.99999
8.77	0.33566	0.99942	0.99986	0.99989	0.99995	0.99999	0.99999
8.78	0.33596	0.99943	0.99986	0.99989	0.99995	0.99999	1
8.79	0.33626	0.99943	0.99986	0.99989	0.99995	0.99999	1
8.8	0.33656	0.99943	0.99986	0.99989	0.99995	0.99999	1
8.81	0.33685	0.99944	0.99986	0.99989	0.99995	0.99999	1
8.82	0.33715	0.99944	0.99986	0.9999	0.99995	0.99999	1
8.83	0.33745	0.99945	0.99986	0.9999	0.99995	0.99999	1
8.84	0.33774	0.99945	0.99986	0.9999	0.99995	0.99999	1
8.85	0.33804	0.99945	0.99986	0.9999	0.99995	0.99999	1
8.86	0.33834	0.99946	0.99987	0.9999	0.99996	0.99999	1
8.87	0.33863	0.99946	0.99987	0.9999	0.99996	0.99999	1
8.88	0.33893	0.99947	0.99987	0.9999	0.99996	0.99999	1
8.89	0.33922	0.99947	0.99987	0.9999	0.99996	0.99999	1
8.9	0.33952	0.99947	0.99987	0.9999	0.99996	0.99999	1
8.91	0.33982	0.99948	0.99987	0.9999	0.99996	0.99999	1
8.92	0.34011	0.99948	0.99987	0.9999	0.99996	0.99999	1
8.93	0.34041	0.99948	0.99987	0.9999	0.99996	0.99999	1
8.94	0.3407	0.99949	0.99987	0.99991	0.99996	0.99999	1
8.95	0.341	0.99949	0.99988	0.99991	0.99996	0.99999	1
8.96	0.34129	0.9995	0.99988	0.99991	0.99996	0.99999	1
8.97	0.34159	0.9995	0.99988	0.99991	0.99996	0.99999	1
8.98	0.34188	0.9995	0.99988	0.99991	0.99996	0.99999	1
8.99	0.34218	0.99951	0.99988	0.99991	0.99996	0.99999	1
9	0.34247	0.99951	0.99988	0.99991	0.99996	0.99999	1
9.01	0.34277	0.99951	0.99988	0.99991	0.99996	0.99999	1
9.02	0.34306	0.99952	0.99988	0.99991	0.99996	0.99999	1
9.03	0.34335	0.99952	0.99988	0.99991	0.99996	0.99999	1
9.04	0.34365	0.99952	0.99988	0.99991	0.99996	0.99999	1
9.05	0.34394	0.99953	0.99988	0.99991	0.99996	0.99999	1
9.06	0.34424	0.99953	0.99989	0.99991	0.99996	0.99999	1
9.07	0.34453	0.99953	0.99989	0.99992	0.99996	0.99999	1
9.08	0.34482	0.99954	0.99989	0.99992	0.99996	0.99999	1
9.09	0.34512	0.99954	0.99989	0.99992	0.99996	0.99999	1
9.1	0.34541	0.99954	0.99989	0.99992	0.99996	0.99999	1
9.11	0.3457	0.99955	0.99989	0.99992	0.99996	0.99999	1
9.12	0.346	0.99955	0.99989	0.99992	0.99996	0.99999	1
9.13	0.34629	0.99955	0.99989	0.99992	0.99996	0.99999	1
9.14	0.34658	0.99956	0.99989	0.99992	0.99997	0.99999	1
9.15	0.34687	0.99956	0.99989	0.99992	0.99997	0.99999	1
9.16	0.34717	0.99956	0.99989	0.99992	0.99997	0.99999	1
9.17	0.34746	0.99957	0.9999	0.99992	0.99997	0.99999	1
9.18	0.34775	0.99957	0.9999	0.99992	0.99997	0.99999	1
9.19	0.34804	0.99957	0.9999	0.99992	0.99997	0.99999	1
9.2	0.34833	0.99958	0.9999	0.99992	0.99997	0.99999	1
9.21	0.34863	0.99958	0.9999	0.99992	0.99997	0.99999	1
9.22	0.34892	0.99958	0.9999	0.99993	0.99997	0.99999	1
9.23	0.34921	0.99959	0.9999	0.99993	0.99997	0.99999	1
9.24	0.3495	0.99959	0.9999	0.99993	0.99997	0.99999	1
9.25	0.34979	0.99959	0.9999	0.99993	0.99997	0.99999	1
9.26	0.35008	0.99959	0.9999	0.99993	0.99997	0.99999	1
9.27	0.35037	0.9996	0.9999	0.99993	0.99997	0.99999	1
9.28	0.35066	0.9996	0.9999	0.99993	0.99997	0.99999	1
9.29	0.35096	0.9996	0.99991	0.99993	0.99997	0.99999	1
9.3	0.35125	0.99961	0.99991	0.99993	0.99997	0.99999	1
9.31	0.35154	0.99961	0.99991	0.99993	0.99997	0.99999	1
9.32	0.35183	0.99961	0.99991	0.99993	0.99997	0.99999	1
9.33	0.35212	0.99961	0.99991	0.99993	0.99997	0.99999	1
9.34	0.35241	0.99962	0.99991	0.99993	0.99997	0.99999	1
9.35	0.3527	0.99962	0.99991	0.99993	0.99997	0.99999	1
9.36	0.35299	0.99962	0.99991	0.99993	0.99997	0.99999	1
9.37	0.35328	0.99963	0.99991	0.99993	0.99997	0.99999	1
9.38	0.35357	0.99963	0.99991	0.99993	0.99997	0.99999	1
9.39	0.35385	0.99963	0.99991	0.99994	0.99997	0.99999	1
9.4	0.35414	0.99963	0.99991	0.99994	0.99997	0.99999	1
9.41	0.35443	0.99964	0.99991	0.99994	0.99997	0.99999	1
9.42	0.35472	0.99964	0.99992	0.99994	0.99997	0.99999	1
9.43	0.35501	0.99964	0.99992	0.99994	0.99997	0.99999	1
9.44	0.3553	0.99964	0.99992	0.99994	0.99997	0.99999	1
9.45	0.35559	0.99965	0.99992	0.99994	0.99997	0.99999	1
9.46	0.35588	0.99965	0.99992	0.99994	0.99997	0.99999	1
9.47	0.35617	0.99965	0.99992	0.99994	0.99997	0.99999	1
9.48	0.35645	0.99965	0.99992	0.99994	0.99997	0.99999	1
9.49	0.35674	0.99966	0.99992	0.99994	0.99997	0.99999	1
9.5	0.35703	0.99966	0.99992	0.99994	0.99997	0.99999	1
9.51	0.35732	0.99966	0.99992	0.99994	0.99997	0.99999	1
9.52	0.35761	0.99966	0.99992	0.99994	0.99998	0.99999	1
9.53	0.35789	0.99967	0.99992	0.99994	0.99998	0.99999	1
9.54	0.35818	0.99967	0.99992	0.99994	0.99998	0.99999	1
9.55	0.35847	0.99967	0.99992	0.99994	0.99998	0.99999	1
9.56	0.35876	0.99967	0.99992	0.99994	0.99998	1	1
9.57	0.35904	0.99968	0.99993	0.99994	0.99998	1	1
9.58	0.35933	0.99968	0.99993	0.99994	0.99998	1	1
9.59	0.35962	0.99968	0.99993	0.99995	0.99998	1	1
9.6	0.3599	0.99968	0.99993	0.99995	0.99998	1	1
9.61	0.36019	0.99968	0.99993	0.99995	0.99998	1	1
9.62	0.36048	0.99969	0.99993	0.99995	0.99998	1	1
9.63	0.36076	0.99969	0.99993	0.99995	0.99998	1	1
9.64	0.36105	0.99969	0.99993	0.99995	0.99998	1	1
9.65	0.36133	0.99969	0.99993	0.99995	0.99998	1	1
9.66	0.36162	0.9997	0.99993	0.99995	0.99998	1	1
9.67	0.36191	0.9997	0.99993	0.99995	0.99998	1	1
9.68	0.36219	0.9997	0.99993	0.99995	0.99998	1	1
9.69	0.36248	0.9997	0.99993	0.99995	0.99998	1	1
9.7	0.36276	0.9997	0.99993	0.99995	0.99998	1	1
9.71	0.36305	0.99971	0.99993	0.99995	0.99998	1	1
9.72	0.36333	0.99971	0.99993	0.99995	0.99998	1	1
9.73	0.36362	0.99971	0.99993	0.99995	0.99998	1	1
9.74	0.3639	0.99971	0.99993	0.99995	0.99998	1	1
9.75	0.36419	0.99972	0.99994	0.99995	0.99998	1	1
9.76	0.36447	0.99972	0.99994	0.99995	0.99998	1	1
9.77	0.36476	0.99972	0.99994	0.99995	0.99998	1	1
9.78	0.36504	0.99972	0.99994	0.99995	0.99998	1	1
9.79	0.36533	0.99972	0.99994	0.99995	0.99998	1	1
9.8	0.36561	0.99973	0.99994	0.99995	0.99998	1	1
9.81	0.36589	0.99973	0.99994	0.99995	0.99998	1	1
9.82	0.36618	0.99973	0.99994	0.99995	0.99998	1	1
9.83	0.36646	0.99973	0.99994	0.99996	0.99998	1	1
9.84	0.36674	0.99973	0.99994	0.99996	0.99998	1	1
9.85	0.36703	0.99974	0.99994	0.99996	0.99998	1	1
9.86	0.36731	0.99974	0.99994	0.99996	0.99998	1	1
9.87	0.36759	0.99974	0.99994	0.99996	0.99998	1	1
9.88	0.36788	0.99974	0.99994	0.99996	0.99998	1	1
9.89	0.36816	0.99974	0.99994	0.99996	0.99998	1	1
9.9	0.36844	0.99974	0.99994	0.99996	0.99998	1	1
9.91	0.36873	0.99975	0.99994	0.99996	0.99998	1	1
9.92	0.36901	0.99975	0.99994	0.99996	0.99998	1	1
9.93	0.36929	0.99975	0.99994	0.99996	0.99998	1	1
9.94	0.36957	0.99975	0.99994	0.99996	0.99998	1	1
9.95	0.36986	0.99975	0.99995	0.99996	0.99998	1	1
9.96	0.37014	0.99976	0.99995	0.99996	0.99998	1	1
9.97	0.37042	0.99976	0.99995	0.99996	0.99998	1	1
9.98	0.3707	0.99976	0.99995	0.99996	0.99998	1	1
9.99	0.37098	0.99976	0.99995	0.99996	0.99998	1	1
10	0.37127	0.99976	0.99995	0.99996	0.99998	1	1
10.01	0.37155	0.99976	0.99995	0.99996	0.99998	1	1
10.02	0.37183	0.99977	0.99995	0.99996	0.99998	1	1
10.03	0.37211	0.99977	0.99995	0.99996	0.99998	1	1
10.04	0.37239	0.99977	0.99995	0.99996	0.99998	1	1
10.05	0.37267	0.99977	0.99995	0.99996	0.99998	1	1
10.06	0.37295	0.99977	0.99995	0.99996	0.99998	1	1
10.07	0.37323	0.99977	0.99995	0.99996	0.99998	1	1
10.08	0.37351	0.99978	0.99995	0.99996	0.99998	1	1
10.09	0.37379	0.99978	0.99995	0.99996	0.99999	1	1
10.1	0.37407	0.99978	0.99995	0.99996	0.99999	1	1
10.11	0.37435	0.99978	0.99995	0.99996	0.99999	1	1
10.12	0.37464	0.99978	0.99995	0.99996	0.99999	1	1
10.13	0.37492	0.99978	0.99995	0.99997	0.99999	1	1
10.14	0.37519	0.99979	0.99995	0.99997	0.99999	1	1
10.15	0.37547	0.99979	0.99995	0.99997	0.99999	1	1
10.16	0.37575	0.99979	0.99995	0.99997	0.99999	1	1
10.17	0.37603	0.99979	0.99995	0.99997	0.99999	1	1
10.18	0.37631	0.99979	0.99995	0.99997	0.99999	1	1
10.19	0.37659	0.99979	0.99996	0.99997	0.99999	1	1
10.2	0.37687	0.99979	0.99996	0.99997	0.99999	1	1
10.21	0.37715	0.9998	0.99996	0.99997	0.99999	1	1
10.22	0.37743	0.9998	0.99996	0.99997	0.99999	1	1
10.23	0.37771	0.9998	0.99996	0.99997	0.99999	1	1
10.24	0.37799	0.9998	0.99996	0.99997	0.99999	1	1
10.25	0.37826	0.9998	0.99996	0.99997	0.99999	1	1
10.26	0.37854	0.9998	0.99996	0.99997	0.99999	1	1
10.27	0.37882	0.9998	0.99996	0.99997	0.99999	1	1
10.28	0.3791	0.99981	0.99996	0.99997	0.99999	1	1
10.29	0.37938	0.99981	0.99996	0.99997	0.99999	1	1
10.3	0.37966	0.99981	0.99996	0.99997	0.99999	1	1
10.31	0.37993	0.99981	0.99996	0.99997	0.99999	1	1
10.32	0.38021	0.99981	0.99996	0.99997	0.99999	1	1
10.33	0.38049	0.99981	0.99996	0.99997	0.99999	1	1
10.34	0.38077	0.99981	0.99996	0.99997	0.99999	1	1
10.35	0.38104	0.99982	0.99996	0.99997	0.99999	1	1
10.36	0.38132	0.99982	0.99996	0.99997	0.99999	1	1
10.37	0.3816	0.99982	0.99996	0.99997	0.99999	1	1
10.38	0.38187	0.99982	0.99996	0.99997	0.99999	1	1
10.39	0.38215	0.99982	0.99996	0.99997	0.99999	1	1
10.4	0.38243	0.99982	0.99996	0.99997	0.99999	1	1
10.41	0.3827	0.99982	0.99996	0.99997	0.99999	1	1
10.42	0.38298	0.99982	0.99996	0.99997	0.99999	1	1
10.43	0.38326	0.99983	0.99996	0.99997	0.99999	1	1
10.44	0.38353	0.99983	0.99996	0.99997	0.99999	1	1
10.45	0.38381	0.99983	0.99996	0.99997	0.99999	1	1
10.46	0.38408	0.99983	0.99996	0.99997	0.99999	1	1
10.47	0.38436	0.99983	0.99996	0.99997	0.99999	1	1
10.48	0.38464	0.99983	0.99996	0.99997	0.99999	1	1
10.49	0.38491	0.99983	0.99996	0.99997	0.99999	1	1
10.5	0.38519	0.99983	0.99997	0.99997	0.99999	1	1
10.51	0.38546	0.99984	0.99997	0.99997	0.99999	1	1
10.52	0.38574	0.99984	0.99997	0.99997	0.99999	1	1
10.53	0.38601	0.99984	0.99997	0.99998	0.99999	1	1
10.54	0.38629	0.99984	0.99997	0.99998	0.99999	1	1
10.55	0.38656	0.99984	0.99997	0.99998	0.99999	1	1
10.56	0.38684	0.99984	0.99997	0.99998	0.99999	1	1
10.57	0.38711	0.99984	0.99997	0.99998	0.99999	1	1
10.58	0.38738	0.99984	0.99997	0.99998	0.99999	1	1
10.59	0.38766	0.99985	0.99997	0.99998	0.99999	1	1
10.6	0.38793	0.99985	0.99997	0.99998	0.99999	1	1
10.61	0.38821	0.99985	0.99997	0.99998	0.99999	1	1
10.62	0.38848	0.99985	0.99997	0.99998	0.99999	1	1
10.63	0.38875	0.99985	0.99997	0.99998	0.99999	1	1
10.64	0.38903	0.99985	0.99997	0.99998	0.99999	1	1
10.65	0.3893	0.99985	0.99997	0.99998	0.99999	1	1
10.66	0.38958	0.99985	0.99997	0.99998	0.99999	1	1
10.67	0.38985	0.99985	0.99997	0.99998	0.99999	1	1
10.68	0.39012	0.99985	0.99997	0.99998	0.99999	1	1
10.69	0.39039	0.99986	0.99997	0.99998	0.99999	1	1
10.7	0.39067	0.99986	0.99997	0.99998	0.99999	1	1
10.71	0.39094	0.99986	0.99997	0.99998	0.99999	1	1
10.72	0.39121	0.99986	0.99997	0.99998	0.99999	1	1
10.73	0.39149	0.99986	0.99997	0.99998	0.99999	1	1
10.74	0.39176	0.99986	0.99997	0.99998	0.99999	1	1
10.75	0.39203	0.99986	0.99997	0.99998	0.99999	1	1
10.76	0.3923	0.99986	0.99997	0.99998	0.99999	1	1
10.77	0.39257	0.99986	0.99997	0.99998	0.99999	1	1
10.78	0.39285	0.99986	0.99997	0.99998	0.99999	1	1
10.79	0.39312	0.99987	0.99997	0.99998	0.99999	1	1
10.8	0.39339	0.99987	0.99997	0.99998	0.99999	1	1
10.81	0.39366	0.99987	0.99997	0.99998	0.99999	1	1
10.82	0.39393	0.99987	0.99997	0.99998	0.99999	1	1
10.83	0.3942	0.99987	0.99997	0.99998	0.99999	1	1
10.84	0.39448	0.99987	0.99997	0.99998	0.99999	1	1
10.85	0.39475	0.99987	0.99997	0.99998	0.99999	1	1
10.86	0.39502	0.99987	0.99997	0.99998	0.99999	1	1
10.87	0.39529	0.99987	0.99997	0.99998	0.99999	1	1
10.88	0.39556	0.99987	0.99997	0.99998	0.99999	1	1
10.89	0.39583	0.99988	0.99997	0.99998	0.99999	1	1
10.9	0.3961	0.99988	0.99997	0.99998	0.99999	1	1
10.91	0.39637	0.99988	0.99998	0.99998	0.99999	1	1
10.92	0.39664	0.99988	0.99998	0.99998	0.99999	1	1
10.93	0.39691	0.99988	0.99998	0.99998	0.99999	1	1
10.94	0.39718	0.99988	0.99998	0.99998	0.99999	1	1
10.95	0.39745	0.99988	0.99998	0.99998	0.99999	1	1
10.96	0.39772	0.99988	0.99998	0.99998	0.99999	1	1
10.97	0.39799	0.99988	0.99998	0.99998	0.99999	1	1
10.98	0.39826	0.99988	0.99998	0.99998	0.99999	1	1
10.99	0.39853	0.99988	0.99998	0.99998	0.99999	1	1
11	0.3988	0.99988	0.99998	0.99998	0.99999	1	1
11.01	0.39907	0.99989	0.99998	0.99998	0.99999	1	1
11.02	0.39934	0.99989	0.99998	0.99998	0.99999	1	1
11.03	0.39961	0.99989	0.99998	0.99998	0.99999	1	1
11.04	0.39987	0.99989	0.99998	0.99998	0.99999	1	1
11.05	0.40014	0.99989	0.99998	0.99998	0.99999	1	1
11.06	0.40041	0.99989	0.99998	0.99998	0.99999	1	1
11.07	0.40068	0.99989	0.99998	0.99998	0.99999	1	1
11.08	0.40095	0.99989	0.99998	0.99998	0.99999	1	1
11.09	0.40122	0.99989	0.99998	0.99998	0.99999	1	1
11.1	0.40148	0.99989	0.99998	0.99998	0.99999	1	1
11.11	0.40175	0.99989	0.99998	0.99998	0.99999	1	1
11.12	0.40202	0.99989	0.99998	0.99998	0.99999	1	1
11.13	0.40229	0.9999	0.99998	0.99999	0.99999	1	1
11.14	0.40256	0.9999	0.99998	0.99999	0.99999	1	1
11.15	0.40282	0.9999	0.99998	0.99999	0.99999	1	1
11.16	0.40309	0.9999	0.99998	0.99999	0.99999	1	1
11.17	0.40336	0.9999	0.99998	0.99999	0.99999	1	1
11.18	0.40362	0.9999	0.99998	0.99999	0.99999	1	1
11.19	0.40389	0.9999	0.99998	0.99999	0.99999	1	1
11.2	0.40416	0.9999	0.99998	0.99999	0.99999	1	1
11.21	0.40443	0.9999	0.99998	0.99999	0.99999	1	1
11.22	0.40469	0.9999	0.99998	0.99999	0.99999	1	1
11.23	0.40496	0.9999	0.99998	0.99999	0.99999	1	1
11.24	0.40523	0.9999	0.99998	0.99999	0.99999	1	1
11.25	0.40549	0.9999	0.99998	0.99999	0.99999	1	1
11.26	0.40576	0.9999	0.99998	0.99999	0.99999	1	1
11.27	0.40602	0.99991	0.99998	0.99999	0.99999	1	1
11.28	0.40629	0.99991	0.99998	0.99999	0.99999	1	1
11.29	0.40656	0.99991	0.99998	0.99999	0.99999	1	1
11.3	0.40682	0.99991	0.99998	0.99999	0.99999	1	1
11.31	0.40709	0.99991	0.99998	0.99999	0.99999	1	1
11.32	0.40735	0.99991	0.99998	0.99999	1	1	1
11.33	0.40762	0.99991	0.99998	0.99999	1	1	1
11.34	0.40788	0.99991	0.99998	0.99999	1	1	1
11.35	0.40815	0.99991	0.99998	0.99999	1	1	1
11.36	0.40841	0.99991	0.99998	0.99999	1	1	1
11.37	0.40868	0.99991	0.99998	0.99999	1	1	1
11.38	0.40894	0.99991	0.99998	0.99999	1	1	1
11.39	0.40921	0.99991	0.99998	0.99999	1	1	1
11.4	0.40947	0.99991	0.99998	0.99999	1	1	1
11.41	0.40974	0.99991	0.99998	0.99999	1	1	1
11.42	0.41	0.99992	0.99998	0.99999	1	1	1
11.43	0.41026	0.99992	0.99998	0.99999	1	1	1
11.44	0.41053	0.99992	0.99998	0.99999	1	1	1
11.45	0.41079	0.99992	0.99998	0.99999	1	1	1
11.46	0.41106	0.99992	0.99998	0.99999	1	1	1
11.47	0.41132	0.99992	0.99998	0.99999	1	1	1
11.48	0.41158	0.99992	0.99998	0.99999	1	1	1
11.49	0.41185	0.99992	0.99998	0.99999	1	1	1
11.5	0.41211	0.99992	0.99998	0.99999	1	1	1
11.51	0.41237	0.99992	0.99998	0.99999	1	1	1
11.52	0.41264	0.99992	0.99998	0.99999	1	1	1
11.53	0.4129	0.99992	0.99999	0.99999	1	1	1
11.54	0.41316	0.99992	0.99999	0.99999	1	1	1
11.55	0.41342	0.99992	0.99999	0.99999	1	1	1
11.56	0.41369	0.99992	0.99999	0.99999	1	1	1
11.57	0.41395	0.99992	0.99999	0.99999	1	1	1
11.58	0.41421	0.99992	0.99999	0.99999	1	1	1
11.59	0.41447	0.99992	0.99999	0.99999	1	1	1
11.6	0.41474	0.99993	0.99999	0.99999	1	1	1
11.61	0.415	0.99993	0.99999	0.99999	1	1	1
11.62	0.41526	0.99993	0.99999	0.99999	1	1	1
11.63	0.41552	0.99993	0.99999	0.99999	1	1	1
11.64	0.41578	0.99993	0.99999	0.99999	1	1	1
11.65	0.41605	0.99993	0.99999	0.99999	1	1	1
11.66	0.41631	0.99993	0.99999	0.99999	1	1	1
11.67	0.41657	0.99993	0.99999	0.99999	1	1	1
11.68	0.41683	0.99993	0.99999	0.99999	1	1	1
11.69	0.41709	0.99993	0.99999	0.99999	1	1	1
11.7	0.41735	0.99993	0.99999	0.99999	1	1	1
11.71	0.41761	0.99993	0.99999	0.99999	1	1	1
11.72	0.41787	0.99993	0.99999	0.99999	1	1	1
11.73	0.41813	0.99993	0.99999	0.99999	1	1	1
11.74	0.41839	0.99993	0.99999	0.99999	1	1	1
11.75	0.41865	0.99993	0.99999	0.99999	1	1	1
11.76	0.41891	0.99993	0.99999	0.99999	1	1	1
11.77	0.41917	0.99993	0.99999	0.99999	1	1	1
11.78	0.41943	0.99993	0.99999	0.99999	1	1	1
11.79	0.41969	0.99993	0.99999	0.99999	1	1	1
11.8	0.41995	0.99994	0.99999	0.99999	1	1	1
11.81	0.42021	0.99994	0.99999	0.99999	1	1	1
11.82	0.42047	0.99994	0.99999	0.99999	1	1	1
11.83	0.42073	0.99994	0.99999	0.99999	1	1	1
11.84	0.42099	0.99994	0.99999	0.99999	1	1	1
11.85	0.42125	0.99994	0.99999	0.99999	1	1	1
11.86	0.42151	0.99994	0.99999	0.99999	1	1	1
11.87	0.42177	0.99994	0.99999	0.99999	1	1	1
11.88	0.42203	0.99994	0.99999	0.99999	1	1	1
11.89	0.42229	0.99994	0.99999	0.99999	1	1	1
11.9	0.42255	0.99994	0.99999	0.99999	1	1	1
11.91	0.4228	0.99994	0.99999	0.99999	1	1	1
11.92	0.42306	0.99994	0.99999	0.99999	1	1	1
11.93	0.42332	0.99994	0.99999	0.99999	1	1	1
11.94	0.42358	0.99994	0.99999	0.99999	1	1	1
11.95	0.42384	0.99994	0.99999	0.99999	1	1	1
11.96	0.4241	0.99994	0.99999	0.99999	1	1	1
11.97	0.42435	0.99994	0.99999	0.99999	1	1	1
11.98	0.42461	0.99994	0.99999	0.99999	1	1	1
11.99	0.42487	0.99994	0.99999	0.99999	1	1	1
12	0.42513	0.99994	0.99999	0.99999	1	1	1
12.01	0.42538	0.99994	0.99999	0.99999	1	1	1
12.02	0.42564	0.99994	0.99999	0.99999	1	1	1
12.03	0.4259	0.99995	0.99999	0.99999	1	1	1
12.04	0.42615	0.99995	0.99999	0.99999	1	1	1
12.05	0.42641	0.99995	0.99999	0.99999	1	1	1
12.06	0.42667	0.99995	0.99999	0.99999	1	1	1
12.07	0.42693	0.99995	0.99999	0.99999	1	1	1
12.08	0.42718	0.99995	0.99999	0.99999	1	1	1
12.09	0.42744	0.99995	0.99999	0.99999	1	1	1
12.1	0.42769	0.99995	0.99999	0.99999	1	1	1
12.11	0.42795	0.99995	0.99999	0.99999	1	1	1
12.12	0.42821	0.99995	0.99999	0.99999	1	1	1
12.13	0.42846	0.99995	0.99999	0.99999	1	1	1
12.14	0.42872	0.99995	0.99999	0.99999	1	1	1
12.15	0.42897	0.99995	0.99999	0.99999	1	1	1
12.16	0.42923	0.99995	0.99999	0.99999	1	1	1
12.17	0.42949	0.99995	0.99999	0.99999	1	1	1
12.18	0.42974	0.99995	0.99999	0.99999	1	1	1
12.19	0.43	0.99995	0.99999	0.99999	1	1	1
12.2	0.43025	0.99995	0.99999	0.99999	1	1	1
12.21	0.43051	0.99995	0.99999	0.99999	1	1	1
12.22	0.43076	0.99995	0.99999	0.99999	1	1	1
12.23	0.43102	0.99995	0.99999	0.99999	1	1	1
12.24	0.43127	0.99995	0.99999	0.99999	1	1	1
12.25	0.43153	0.99995	0.99999	0.99999	1	1	1
12.26	0.43178	0.99995	0.99999	0.99999	1	1	1
12.27	0.43203	0.99995	0.99999	0.99999	1	1	1
12.28	0.43229	0.99995	0.99999	0.99999	1	1	1
12.29	0.43254	0.99995	0.99999	0.99999	1	1	1
12.3	0.4328	0.99996	0.99999	0.99999	1	1	1
12.31	0.43305	0.99996	0.99999	0.99999	1	1	1
12.32	0.4333	0.99996	0.99999	0.99999	1	1	1
12.33	0.43356	0.99996	0.99999	0.99999	1	1	1
12.34	0.43381	0.99996	0.99999	0.99999	1	1	1
12.35	0.43407	0.99996	0.99999	0.99999	1	1	1
12.36	0.43432	0.99996	0.99999	0.99999	1	1	1
12.37	0.43457	0.99996	0.99999	0.99999	1	1	1
12.38	0.43483	0.99996	0.99999	0.99999	1	1	1
12.39	0.43508	0.99996	0.99999	0.99999	1	1	1
12.4	0.43533	0.99996	0.99999	0.99999	1	1	1
12.41	0.43558	0.99996	0.99999	0.99999	1	1	1
12.42	0.43584	0.99996	0.99999	0.99999	1	1	1
12.43	0.43609	0.99996	0.99999	0.99999	1	1	1
12.44	0.43634	0.99996	0.99999	1	1	1	1
12.45	0.43659	0.99996	0.99999	1	1	1	1
12.46	0.43685	0.99996	0.99999	1	1	1	1
12.47	0.4371	0.99996	0.99999	1	1	1	1
12.48	0.43735	0.99996	0.99999	1	1	1	1
12.49	0.4376	0.99996	0.99999	1	1	1	1
12.5	0.43785	0.99996	0.99999	1	1	1	1
12.51	0.43811	0.99996	0.99999	1	1	1	1
12.52	0.43836	0.99996	0.99999	1	1	1	1
12.53	0.43861	0.99996	0.99999	1	1	1	1
12.54	0.43886	0.99996	0.99999	1	1	1	1
12.55	0.43911	0.99996	0.99999	1	1	1	1
12.56	0.43936	0.99996	0.99999	1	1	1	1
12.57	0.43961	0.99996	0.99999	1	1	1	1
12.58	0.43986	0.99996	0.99999	1	1	1	1
12.59	0.44011	0.99996	0.99999	1	1	1	1
12.6	0.44037	0.99996	0.99999	1	1	1	1
12.61	0.44062	0.99996	0.99999	1	1	1	1
12.62	0.44087	0.99996	0.99999	1	1	1	1
12.63	0.44112	0.99996	0.99999	1	1	1	1
12.64	0.44137	0.99996	0.99999	1	1	1	1
12.65	0.44162	0.99997	0.99999	1	1	1	1
12.66	0.44187	0.99997	0.99999	1	1	1	1
12.67	0.44212	0.99997	0.99999	1	1	1	1
12.68	0.44237	0.99997	0.99999	1	1	1	1
12.69	0.44262	0.99997	0.99999	1	1	1	1
12.7	0.44287	0.99997	0.99999	1	1	1	1
12.71	0.44312	0.99997	0.99999	1	1	1	1
12.72	0.44336	0.99997	0.99999	1	1	1	1
12.73	0.44361	0.99997	0.99999	1	1	1	1
12.74	0.44386	0.99997	0.99999	1	1	1	1
12.75	0.44411	0.99997	0.99999	1	1	1	1
12.76	0.44436	0.99997	0.99999	1	1	1	1
12.77	0.44461	0.99997	0.99999	1	1	1	1
12.78	0.44486	0.99997	0.99999	1	1	1	1
12.79	0.44511	0.99997	0.99999	1	1	1	1
12.8	0.44536	0.99997	0.99999	1	1	1	1
12.81	0.4456	0.99997	0.99999	1	1	1	1
12.82	0.44585	0.99997	0.99999	1	1	1	1
12.83	0.4461	0.99997	0.99999	1	1	1	1
12.84	0.44635	0.99997	0.99999	1	1	1	1
12.85	0.4466	0.99997	0.99999	1	1	1	1
12.86	0.44684	0.99997	1	1	1	1	1
12.87	0.44709	0.99997	1	1	1	1	1
12.88	0.44734	0.99997	1	1	1	1	1
12.89	0.44759	0.99997	1	1	1	1	1
12.9	0.44783	0.99997	1	1	1	1	1
12.91	0.44808	0.99997	1	1	1	1	1
12.92	0.44833	0.99997	1	1	1	1	1
12.93	0.44857	0.99997	1	1	1	1	1
12.94	0.44882	0.99997	1	1	1	1	1
12.95	0.44907	0.99997	1	1	1	1	1
12.96	0.44931	0.99997	1	1	1	1	1
12.97	0.44956	0.99997	1	1	1	1	1
12.98	0.44981	0.99997	1	1	1	1	1
12.99	0.45005	0.99997	1	1	1	1	1
13	0.4503	0.99997	1	1	1	1	1
13.01	0.45055	0.99997	1	1	1	1	1
13.02	0.45079	0.99997	1	1	1	1	1
13.03	0.45104	0.99997	1	1	1	1	1
13.04	0.45128	0.99997	1	1	1	1	1
13.05	0.45153	0.99997	1	1	1	1	1
13.06	0.45178	0.99997	1	1	1	1	1
13.07	0.45202	0.99997	1	1	1	1	1
13.08	0.45227	0.99997	1	1	1	1	1
13.09	0.45251	0.99997	1	1	1	1	1
13.1	0.45276	0.99997	1	1	1	1	1
13.11	0.453	0.99997	1	1	1	1	1
13.12	0.45325	0.99998	1	1	1	1	1
13.13	0.45349	0.99998	1	1	1	1	1
13.14	0.45374	0.99998	1	1	1	1	1
13.15	0.45398	0.99998	1	1	1	1	1
13.16	0.45422	0.99998	1	1	1	1	1
13.17	0.45447	0.99998	1	1	1	1	1
13.18	0.45471	0.99998	1	1	1	1	1
13.19	0.45496	0.99998	1	1	1	1	1
13.2	0.4552	0.99998	1	1	1	1	1
13.21	0.45545	0.99998	1	1	1	1	1
13.22	0.45569	0.99998	1	1	1	1	1
13.23	0.45593	0.99998	1	1	1	1	1
13.24	0.45618	0.99998	1	1	1	1	1
13.25	0.45642	0.99998	1	1	1	1	1
13.26	0.45666	0.99998	1	1	1	1	1
13.27	0.45691	0.99998	1	1	1	1	1
13.28	0.45715	0.99998	1	1	1	1	1
13.29	0.45739	0.99998	1	1	1	1	1
13.3	0.45764	0.99998	1	1	1	1	1
13.31	0.45788	0.99998	1	1	1	1	1
13.32	0.45812	0.99998	1	1	1	1	1
13.33	0.45836	0.99998	1	1	1	1	1
13.34	0.45861	0.99998	1	1	1	1	1
13.35	0.45885	0.99998	1	1	1	1	1
13.36	0.45909	0.99998	1	1	1	1	1
13.37	0.45933	0.99998	1	1	1	1	1
13.38	0.45957	0.99998	1	1	1	1	1
13.39	0.45982	0.99998	1	1	1	1	1
13.4	0.46006	0.99998	1	1	1	1	1
13.41	0.4603	0.99998	1	1	1	1	1
13.42	0.46054	0.99998	1	1	1	1	1
13.43	0.46078	0.99998	1	1	1	1	1
13.44	0.46102	0.99998	1	1	1	1	1
13.45	0.46127	0.99998	1	1	1	1	1
13.46	0.46151	0.99998	1	1	1	1	1
13.47	0.46175	0.99998	1	1	1	1	1
13.48	0.46199	0.99998	1	1	1	1	1
13.49	0.46223	0.99998	1	1	1	1	1
13.5	0.46247	0.99998	1	1	1	1	1
13.51	0.46271	0.99998	1	1	1	1	1
13.52	0.46295	0.99998	1	1	1	1	1
13.53	0.46319	0.99998	1	1	1	1	1
13.54	0.46343	0.99998	1	1	1	1	1
13.55	0.46367	0.99998	1	1	1	1	1
13.56	0.46391	0.99998	1	1	1	1	1
13.57	0.46415	0.99998	1	1	1	1	1
13.58	0.46439	0.99998	1	1	1	1	1
13.59	0.46463	0.99998	1	1	1	1	1
13.6	0.46487	0.99998	1	1	1	1	1
13.61	0.46511	0.99998	1	1	1	1	1
13.62	0.46535	0.99998	1	1	1	1	1
13.63	0.46559	0.99998	1	1	1	1	1
13.64	0.46583	0.99998	1	1	1	1	1
13.65	0.46607	0.99998	1	1	1	1	1
13.66	0.46631	0.99998	1	1	1	1	1
13.67	0.46655	0.99998	1	1	1	1	1
13.68	0.46679	0.99998	1	1	1	1	1
13.69	0.46702	0.99998	1	1	1	1	1
13.7	0.46726	0.99998	1	1	1	1	1
13.71	0.4675	0.99998	1	1	1	1	1
13.72	0.46774	0.99998	1	1	1	1	1
13.73	0.46798	0.99998	1	1	1	1	1
13.74	0.46822	0.99998	1	1	1	1	1
13.75	0.46845	0.99998	1	1	1	1	1
13.76	0.46869	0.99998	1	1	1	1	1
13.77	0.46893	0.99998	1	1	1	1	1
13.78	0.46917	0.99998	1	1	1	1	1
13.79	0.46941	0.99998	1	1	1	1	1
13.8	0.46964	0.99998	1	1	1	1	1
13.81	0.46988	0.99998	1	1	1	1	1
13.82	0.47012	0.99999	1	1	1	1	1
13.83	0.47036	0.99999	1	1	1	1	1
13.84	0.47059	0.99999	1	1	1	1	1
13.85	0.47083	0.99999	1	1	1	1	1
13.86	0.47107	0.99999	1	1	1	1	1
13.87	0.4713	0.99999	1	1	1	1	1
13.88	0.47154	0.99999	1	1	1	1	1
13.89	0.47178	0.99999	1	1	1	1	1
13.9	0.47201	0.99999	1	1	1	1	1
13.91	0.47225	0.99999	1	1	1	1	1
13.92	0.47249	0.99999	1	1	1	1	1
13.93	0.47272	0.99999	1	1	1	1	1
13.94	0.47296	0.99999	1	1	1	1	1
13.95	0.47319	0.99999	1	1	1	1	1
13.96	0.47343	0.99999	1	1	1	1	1
13.97	0.47367	0.99999	1	1	1	1	1
13.98	0.4739	0.99999	1	1	1	1	1
13.99	0.47414	0.99999	1	1	1	1	1
14	0.47437	0.99999	1	1	1	1	1
14.01	0.47461	0.99999	1	1	1	1	1
14.02	0.47484	0.99999	1	1	1	1	1
14.03	0.47508	0.99999	1	1	1	1	1
14.04	0.47531	0.99999	1	1	1	1	1
14.05	0.47555	0.99999	1	1	1	1	1
14.06	0.47578	0.99999	1	1	1	1	1
14.07	0.47602	0.99999	1	1	1	1	1
14.08	0.47625	0.99999	1	1	1	1	1
14.09	0.47649	0.99999	1	1	1	1	1
14.1	0.47672	0.99999	1	1	1	1	1
14.11	0.47695	0.99999	1	1	1	1	1
14.12	0.47719	0.99999	1	1	1	1	1
14.13	0.47742	0.99999	1	1	1	1	1
14.14	0.47766	0.99999	1	1	1	1	1
14.15	0.47789	0.99999	1	1	1	1	1
14.16	0.47812	0.99999	1	1	1	1	1
14.17	0.47836	0.99999	1	1	1	1	1
14.18	0.47859	0.99999	1	1	1	1	1
14.19	0.47883	0.99999	1	1	1	1	1
14.2	0.47906	0.99999	1	1	1	1	1
14.21	0.47929	0.99999	1	1	1	1	1
14.22	0.47952	0.99999	1	1	1	1	1
14.23	0.47976	0.99999	1	1	1	1	1
14.24	0.47999	0.99999	1	1	1	1	1
14.25	0.48022	0.99999	1	1	1	1	1
14.26	0.48046	0.99999	1	1	1	1	1
14.27	0.48069	0.99999	1	1	1	1	1
14.28	0.48092	0.99999	1	1	1	1	1
14.29	0.48115	0.99999	1	1	1	1	1
14.3	0.48139	0.99999	1	1	1	1	1
14.31	0.48162	0.99999	1	1	1	1	1
14.32	0.48185	0.99999	1	1	1	1	1
14.33	0.48208	0.99999	1	1	1	1	1
14.34	0.48231	0.99999	1	1	1	1	1
14.35	0.48255	0.99999	1	1	1	1	1
14.36	0.48278	0.99999	1	1	1	1	1
14.37	0.48301	0.99999	1	1	1	1	1
14.38	0.48324	0.99999	1	1	1	1	1
14.39	0.48347	0.99999	1	1	1	1	1
14.4	0.4837	0.99999	1	1	1	1	1
14.41	0.48393	0.99999	1	1	1	1	1
14.42	0.48417	0.99999	1	1	1	1	1
14.43	0.4844	0.99999	1	1	1	1	1
14.44	0.48463	0.99999	1	1	1	1	1
14.45	0.48486	0.99999	1	1	1	1	1
14.46	0.48509	0.99999	1	1	1	1	1
14.47	0.48532	0.99999	1	1	1	1	1
14.48	0.48555	0.99999	1	1	1	1	1
14.49	0.48578	0.99999	1	1	1	1	1
14.5	0.48601	0.99999	1	1	1	1	1
14.51	0.48624	0.99999	1	1	1	1	1
14.52	0.48647	0.99999	1	1	1	1	1
14.53	0.4867	0.99999	1	1	1	1	1
14.54	0.48693	0.99999	1	1	1	1	1
14.55	0.48716	0.99999	1	1	1	1	1
14.56	0.48739	0.99999	1	1	1	1	1
14.57	0.48762	0.99999	1	1	1	1	1
14.58	0.48785	0.99999	1	1	1	1	1
14.59	0.48808	0.99999	1	1	1	1	1
14.6	0.48831	0.99999	1	1	1	1	1
14.61	0.48854	0.99999	1	1	1	1	1
14.62	0.48876	0.99999	1	1	1	1	1
14.63	0.48899	0.99999	1	1	1	1	1
14.64	0.48922	0.99999	1	1	1	1	1
14.65	0.48945	0.99999	1	1	1	1	1
14.66	0.48968	0.99999	1	1	1	1	1
14.67	0.48991	0.99999	1	1	1	1	1
14.68	0.49014	0.99999	1	1	1	1	1
14.69	0.49036	0.99999	1	1	1	1	1
14.7	0.49059	0.99999	1	1	1	1	1
14.71	0.49082	0.99999	1	1	1	1	1
14.72	0.49105	0.99999	1	1	1	1	1
14.73	0.49128	0.99999	1	1	1	1	1
14.74	0.4915	0.99999	1	1	1	1	1
14.75	0.49173	0.99999	1	1	1	1	1
14.76	0.49196	0.99999	1	1	1	1	1
14.77	0.49219	0.99999	1	1	1	1	1
14.78	0.49241	0.99999	1	1	1	1	1
14.79	0.49264	0.99999	1	1	1	1	1
14.8	0.49287	0.99999	1	1	1	1	1
14.81	0.4931	0.99999	1	1	1	1	1
14.82	0.49332	0.99999	1	1	1	1	1
14.83	0.49355	0.99999	1	1	1	1	1
14.84	0.49378	0.99999	1	1	1	1	1
14.85	0.494	0.99999	1	1	1	1	1
14.86	0.49423	0.99999	1	1	1	1	1
14.87	0.49446	0.99999	1	1	1	1	1
14.88	0.49468	0.99999	1	1	1	1	1
14.89	0.49491	0.99999	1	1	1	1	1
14.9	0.49513	0.99999	1	1	1	1	1
14.91	0.49536	0.99999	1	1	1	1	1
14.92	0.49559	0.99999	1	1	1	1	1
14.93	0.49581	0.99999	1	1	1	1	1
14.94	0.49604	0.99999	1	1	1	1	1
14.95	0.49626	0.99999	1	1	1	1	1
14.96	0.49649	0.99999	1	1	1	1	1
14.97	0.49671	0.99999	1	1	1	1	1
14.98	0.49694	0.99999	1	1	1	1	1
14.99	0.49716	0.99999	1	1	1	1	1
15	0.49739	0.99999	1	1	1	1	1
15.01	0.49762	0.99999	1	1	1	1	1
15.02	0.49784	0.99999	1	1	1	1	1
15.03	0.49806	0.99999	1	1	1	1	1
15.04	0.49829	0.99999	1	1	1	1	1
15.05	0.49851	0.99999	1	1	1	1	1
15.06	0.49874	0.99999	1	1	1	1	1
15.07	0.49896	0.99999	1	1	1	1	1
15.08	0.49919	0.99999	1	1	1	1	1
15.09	0.49941	0.99999	1	1	1	1	1
15.1	0.49964	0.99999	1	1	1	1	1
15.11	0.49986	0.99999	1	1	1	1	1
15.12	0.50008	0.99999	1	1	1	1	1
15.13	0.50031	0.99999	1	1	1	1	1
15.14	0.50053	0.99999	1	1	1	1	1
15.15	0.50075	0.99999	1	1	1	1	1
15.16	0.50098	0.99999	1	1	1	1	1
15.17	0.5012	0.99999	1	1	1	1	1
15.18	0.50142	0.99999	1	1	1	1	1
15.19	0.50165	0.99999	1	1	1	1	1
15.2	0.50187	0.99999	1	1	1	1	1
15.21	0.50209	0.99999	1	1	1	1	1
15.22	0.50232	0.99999	1	1	1	1	1
15.23	0.50254	0.99999	1	1	1	1	1
15.24	0.50276	0.99999	1	1	1	1	1
15.25	0.50299	0.99999	1	1	1	1	1
15.26	0.50321	0.99999	1	1	1	1	1
15.27	0.50343	0.99999	1	1	1	1	1
15.28	0.50365	0.99999	1	1	1	1	1
15.29	0.50387	0.99999	1	1	1	1	1
15.3	0.5041	0.99999	1	1	1	1	1
15.31	0.50432	0.99999	1	1	1	1	1
15.32	0.50454	0.99999	1	1	1	1	1
15.33	0.50476	0.99999	1	1	1	1	1
15.34	0.50498	1	1	1	1	1	1
15.35	0.50521	1	1	1	1	1	1
15.36	0.50543	1	1	1	1	1	1
15.37	0.50565	1	1	1	1	1	1
15.38	0.50587	1	1	1	1	1	1
15.39	0.50609	1	1	1	1	1	1
15.4	0.50631	1	1	1	1	1	1
15.41	0.50653	1	1	1	1	1	1
15.42	0.50675	1	1	1	1	1	1
15.43	0.50698	1	1	1	1	1	1
15.44	0.5072	1	1	1	1	1	1
15.45	0.50742	1	1	1	1	1	1
15.46	0.50764	1	1	1	1	1	1
15.47	0.50786	1	1	1	1	1	1
15.48	0.50808	1	1	1	1	1	1
15.49	0.5083	1	1	1	1	1	1
15.5	0.50852	1	1	1	1	1	1
15.51	0.50874	1	1	1	1	1	1
15.52	0.50896	1	1	1	1	1	1
15.53	0.50918	1	1	1	1	1	1
15.54	0.5094	1	1	1	1	1	1
15.55	0.50962	1	1	1	1	1	1
15.56	0.50984	1	1	1	1	1	1
15.57	0.51006	1	1	1	1	1	1
15.58	0.51028	1	1	1	1	1	1
15.59	0.51049	1	1	1	1	1	1
15.6	0.51071	1	1	1	1	1	1
15.61	0.51093	1	1	1	1	1	1
15.62	0.51115	1	1	1	1	1	1
15.63	0.51137	1	1	1	1	1	1
15.64	0.51159	1	1	1	1	1	1
15.65	0.51181	1	1	1	1	1	1
15.66	0.51203	1	1	1	1	1	1
15.67	0.51225	1	1	1	1	1	1
15.68	0.51246	1	1	1	1	1	1
15.69	0.51268	1	1	1	1	1	1
15.7	0.5129	1	1	1	1	1	1
15.71	0.51312	1	1	1	1	1	1
15.72	0.51334	1	1	1	1	1	1
15.73	0.51355	1	1	1	1	1	1
15.74	0.51377	1	1	1	1	1	1
15.75	0.51399	1	1	1	1	1	1
15.76	0.51421	1	1	1	1	1	1
15.77	0.51442	1	1	1	1	1	1
15.78	0.51464	1	1	1	1	1	1
15.79	0.51486	1	1	1	1	1	1
15.8	0.51508	1	1	1	1	1	1
15.81	0.51529	1	1	1	1	1	1
15.82	0.51551	1	1	1	1	1	1
15.83	0.51573	1	1	1	1	1	1
15.84	0.51594	1	1	1	1	1	1
15.85	0.51616	1	1	1	1	1	1
15.86	0.51638	1	1	1	1	1	1
15.87	0.51659	1	1	1	1	1	1
15.88	0.51681	1	1	1	1	1	1
15.89	0.51703	1	1	1	1	1	1
15.9	0.51724	1	1	1	1	1	1
15.91	0.51746	1	1	1	1	1	1
15.92	0.51768	1	1	1	1	1	1
15.93	0.51789	1	1	1	1	1	1
15.94	0.51811	1	1	1	1	1	1
15.95	0.51832	1	1	1	1	1	1
15.96	0.51854	1	1	1	1	1	1
15.97	0.51875	1	1	1	1	1	1
15.98	0.51897	1	1	1	1	1	1
15.99	0.51918	1	1	1	1	1	1
16	0.5194	1	1	1	1	1	1
16.01	0.51962	1	1	1	1	1	1
16.02	0.51983	1	1	1	1	1	1
16.03	0.52005	1	1	1	1	1	1
16.04	0.52026	1	1	1	1	1	1
16.05	0.52047	1	1	1	1	1	1
16.06	0.52069	1	1	1	1	1	1
16.07	0.5209	1	1	1	1	1	1
16.08	0.52112	1	1	1	1	1	1
16.09	0.52133	1	1	1	1	1	1
16.1	0.52155	1	1	1	1	1	1
16.11	0.52176	1	1	1	1	1	1
16.12	0.52198	1	1	1	1	1	1
16.13	0.52219	1	1	1	1	1	1
16.14	0.5224	1	1	1	1	1	1
16.15	0.52262	1	1	1	1	1	1
16.16	0.52283	1	1	1	1	1	1
16.17	0.52304	1	1	1	1	1	1
16.18	0.52326	1	1	1	1	1	1
16.19	0.52347	1	1	1	1	1	1
16.2	0.52368	1	1	1	1	1	1
16.21	0.5239	1	1	1	1	1	1
16.22	0.52411	1	1	1	1	1	1
16.23	0.52432	1	1	1	1	1	1
16.24	0.52454	1	1	1	1	1	1
16.25	0.52475	1	1	1	1	1	1
16.26	0.52496	1	1	1	1	1	1
16.27	0.52518	1	1	1	1	1	1
16.28	0.52539	1	1	1	1	1	1
16.29	0.5256	1	1	1	1	1	1
16.3	0.52581	1	1	1	1	1	1
16.31	0.52603	1	1	1	1	1	1
16.32	0.52624	1	1	1	1	1	1
16.33	0.52645	1	1	1	1	1	1
16.34	0.52666	1	1	1	1	1	1
16.35	0.52687	1	1	1	1	1	1
16.36	0.52709	1	1	1	1	1	1
16.37	0.5273	1	1	1	1	1	1
16.38	0.52751	1	1	1	1	1	1
16.39	0.52772	1	1	1	1	1	1
16.4	0.52793	1	1	1	1	1	1
16.41	0.52814	1	1	1	1	1	1
16.42	0.52835	1	1	1	1	1	1
16.43	0.52857	1	1	1	1	1	1
16.44	0.52878	1	1	1	1	1	1
16.45	0.52899	1	1	1	1	1	1
16.46	0.5292	1	1	1	1	1	1
16.47	0.52941	1	1	1	1	1	1
16.48	0.52962	1	1	1	1	1	1
16.49	0.52983	1	1	1	1	1	1
16.5	0.53004	1	1	1	1	1	1
16.51	0.53025	1	1	1	1	1	1
16.52	0.53046	1	1	1	1	1	1
16.53	0.53067	1	1	1	1	1	1
16.54	0.53088	1	1	1	1	1	1
16.55	0.53109	1	1	1	1	1	1
16.56	0.5313	1	1	1	1	1	1
16.57	0.53151	1	1	1	1	1	1
16.58	0.53172	1	1	1	1	1	1
16.59	0.53193	1	1	1	1	1	1
16.6	0.53214	1	1	1	1	1	1
16.61	0.53235	1	1	1	1	1	1
16.62	0.53256	1	1	1	1	1	1
16.63	0.53277	1	1	1	1	1	1
16.64	0.53298	1	1	1	1	1	1
16.65	0.53319	1	1	1	1	1	1
16.66	0.5334	1	1	1	1	1	1
16.67	0.5336	1	1	1	1	1	1
16.68	0.53381	1	1	1	1	1	1
16.69	0.53402	1	1	1	1	1	1
16.7	0.53423	1	1	1	1	1	1
16.71	0.53444	1	1	1	1	1	1
16.72	0.53465	1	1	1	1	1	1
16.73	0.53486	1	1	1	1	1	1
16.74	0.53506	1	1	1	1	1	1
16.75	0.53527	1	1	1	1	1	1
16.76	0.53548	1	1	1	1	1	1
16.77	0.53569	1	1	1	1	1	1
16.78	0.5359	1	1	1	1	1	1
16.79	0.5361	1	1	1	1	1	1
16.8	0.53631	1	1	1	1	1	1
16.81	0.53652	1	1	1	1	1	1
16.82	0.53673	1	1	1	1	1	1
16.83	0.53693	1	1	1	1	1	1
16.84	0.53714	1	1	1	1	1	1
16.85	0.53735	1	1	1	1	1	1
16.86	0.53756	1	1	1	1	1	1
16.87	0.53776	1	1	1	1	1	1
16.88	0.53797	1	1	1	1	1	1
16.89	0.53818	1	1	1	1	1	1
16.9	0.53838	1	1	1	1	1	1
16.91	0.53859	1	1	1	1	1	1
16.92	0.5388	1	1	1	1	1	1
16.93	0.539	1	1	1	1	1	1
16.94	0.53921	1	1	1	1	1	1
16.95	0.53942	1	1	1	1	1	1
16.96	0.53962	1	1	1	1	1	1
16.97	0.53983	1	1	1	1	1	1
16.98	0.54003	1	1	1	1	1	1
16.99	0.54024	1	1	1	1	1	1
17	0.54045	1	1	1	1	1	1
17.01	0.54065	1	1	1	1	1	1
17.02	0.54086	1	1	1	1	1	1
17.03	0.54106	1	1	1	1	1	1
17.04	0.54127	1	1	1	1	1	1
17.05	0.54147	1	1	1	1	1	1
17.06	0.54168	1	1	1	1	1	1
17.07	0.54188	1	1	1	1	1	1
17.08	0.54209	1	1	1	1	1	1
17.09	0.54229	1	1	1	1	1	1
17.1	0.5425	1	1	1	1	1	1
17.11	0.5427	1	1	1	1	1	1
17.12	0.54291	1	1	1	1	1	1
17.13	0.54311	1	1	1	1	1	1
17.14	0.54332	1	1	1	1	1	1
17.15	0.54352	1	1	1	1	1	1
17.16	0.54373	1	1	1	1	1	1
17.17	0.54393	1	1	1	1	1	1
17.18	0.54414	1	1	1	1	1	1
17.19	0.54434	1	1	1	1	1	1
17.2	0.54454	1	1	1	1	1	1
17.21	0.54475	1	1	1	1	1	1
17.22	0.54495	1	1	1	1	1	1
17.23	0.54515	1	1	1	1	1	1
17.24	0.54536	1	1	1	1	1	1
17.25	0.54556	1	1	1	1	1	1
17.26	0.54577	1	1	1	1	1	1
17.27	0.54597	1	1	1	1	1	1
17.28	0.54617	1	1	1	1	1	1
17.29	0.54638	1	1	1	1	1	1
17.3	0.54658	1	1	1	1	1	1
17.31	0.54678	1	1	1	1	1	1
17.32	0.54698	1	1	1	1	1	1
17.33	0.54719	1	1	1	1	1	1
17.34	0.54739	1	1	1	1	1	1
17.35	0.54759	1	1	1	1	1	1
17.36	0.54779	1	1	1	1	1	1
17.37	0.548	1	1	1	1	1	1
17.38	0.5482	1	1	1	1	1	1
17.39	0.5484	1	1	1	1	1	1
17.4	0.5486	1	1	1	1	1	1
17.41	0.54881	1	1	1	1	1	1
17.42	0.54901	1	1	1	1	1	1
17.43	0.54921	1	1	1	1	1	1
17.44	0.54941	1	1	1	1	1	1
17.45	0.54961	1	1	1	1	1	1
17.46	0.54982	1	1	1	1	1	1
17.47	0.55002	1	1	1	1	1	1
17.48	0.55022	1	1	1	1	1	1
17.49	0.55042	1	1	1	1	1	1
17.5	0.55062	1	1	1	1	1	1
17.51	0.55082	1	1	1	1	1	1
17.52	0.55102	1	1	1	1	1	1
17.53	0.55122	1	1	1	1	1	1
17.54	0.55143	1	1	1	1	1	1
17.55	0.55163	1	1	1	1	1	1
17.56	0.55183	1	1	1	1	1	1
17.57	0.55203	1	1	1	1	1	1
17.58	0.55223	1	1	1	1	1	1
17.59	0.55243	1	1	1	1	1	1
17.6	0.55263	1	1	1	1	1	1
17.61	0.55283	1	1	1	1	1	1
17.62	0.55303	1	1	1	1	1	1
17.63	0.55323	1	1	1	1	1	1
17.64	0.55343	1	1	1	1	1	1
17.65	0.55363	1	1	1	1	1	1
17.66	0.55383	1	1	1	1	1	1
17.67	0.55403	1	1	1	1	1	1
17.68	0.55423	1	1	1	1	1	1
17.69	0.55443	1	1	1	1	1	1
17.7	0.55463	1	1	1	1	1	1
17.71	0.55483	1	1	1	1	1	1
17.72	0.55503	1	1	1	1	1	1
17.73	0.55523	1	1	1	1	1	1
17.74	0.55542	1	1	1	1	1	1
17.75	0.55562	1	1	1	1	1	1
17.76	0.55582	1	1	1	1	1	1
17.77	0.55602	1	1	1	1	1	1
17.78	0.55622	1	1	1	1	1	1
17.79	0.55642	1	1	1	1	1	1
17.8	0.55662	1	1	1	1	1	1
17.81	0.55682	1	1	1	1	1	1
17.82	0.55701	1	1	1	1	1	1
17.83	0.55721	1	1	1	1	1	1
17.84	0.55741	1	1	1	1	1	1
17.85	0.55761	1	1	1	1	1	1
17.86	0.55781	1	1	1	1	1	1
17.87	0.558	1	1	1	1	1	1
17.88	0.5582	1	1	1	1	1	1
17.89	0.5584	1	1	1	1	1	1
17.9	0.5586	1	1	1	1	1	1
17.91	0.5588	1	1	1	1	1	1
17.92	0.55899	1	1	1	1	1	1
17.93	0.55919	1	1	1	1	1	1
17.94	0.55939	1	1	1	1	1	1
17.95	0.55959	1	1	1	1	1	1
17.96	0.55978	1	1	1	1	1	1
17.97	0.55998	1	1	1	1	1	1
17.98	0.56018	1	1	1	1	1	1
17.99	0.56037	1	1	1	1	1	1
18	0.56057	1	1	1	1	1	1
18.01	0.56077	1	1	1	1	1	1
18.02	0.56096	1	1	1	1	1	1
18.03	0.56116	1	1	1	1	1	1
18.04	0.56136	1	1	1	1	1	1
18.05	0.56155	1	1	1	1	1	1
18.06	0.56175	1	1	1	1	1	1
18.07	0.56195	1	1	1	1	1	1
18.08	0.56214	1	1	1	1	1	1
18.09	0.56234	1	1	1	1	1	1
18.1	0.56253	1	1	1	1	1	1
18.11	0.56273	1	1	1	1	1	1
18.12	0.56293	1	1	1	1	1	1
18.13	0.56312	1	1	1	1	1	1
18.14	0.56332	1	1	1	1	1	1
18.15	0.56351	1	1	1	1	1	1
18.16	0.56371	1	1	1	1	1	1
18.17	0.5639	1	1	1	1	1	1
18.18	0.5641	1	1	1	1	1	1
18.19	0.56429	1	1	1	1	1	1
18.2	0.56449	1	1	1	1	1	1
18.21	0.56468	1	1	1	1	1	1
18.22	0.56488	1	1	1	1	1	1
18.23	0.56507	1	1	1	1	1	1
18.24	0.56527	1	1	1	1	1	1
18.25	0.56546	1	1	1	1	1	1
18.26	0.56566	1	1	1	1	1	1
18.27	0.56585	1	1	1	1	1	1
18.28	0.56605	1	1	1	1	1	1
18.29	0.56624	1	1	1	1	1	1
18.3	0.56643	1	1	1	1	1	1
18.31	0.56663	1	1	1	1	1	1
18.32	0.56682	1	1	1	1	1	1
18.33	0.56702	1	1	1	1	1	1
18.34	0.56721	1	1	1	1	1	1
18.35	0.5674	1	1	1	1	1	1
18.36	0.5676	1	1	1	1	1	1
18.37	0.56779	1	1	1	1	1	1
18.38	0.56798	1	1	1	1	1	1
18.39	0.56818	1	1	1	1	1	1
18.4	0.56837	1	1	1	1	1	1
18.41	0.56856	1	1	1	1	1	1
18.42	0.56876	1	1	1	1	1	1
18.43	0.56895	1	1	1	1	1	1
18.44	0.56914	1	1	1	1	1	1
18.45	0.56934	1	1	1	1	1	1
18.46	0.56953	1	1	1	1	1	1
18.47	0.56972	1	1	1	1	1	1
18.48	0.56991	1	1	1	1	1	1
18.49	0.57011	1	1	1	1	1	1
18.5	0.5703	1	1	1	1	1	1
18.51	0.57049	1	1	1	1	1	1
18.52	0.57068	1	1	1	1	1	1
18.53	0.57088	1	1	1	1	1	1
18.54	0.57107	1	1	1	1	1	1
18.55	0.57126	1	1	1	1	1	1
18.56	0.57145	1	1	1	1	1	1
18.57	0.57164	1	1	1	1	1	1
18.58	0.57184	1	1	1	1	1	1
18.59	0.57203	1	1	1	1	1	1
18.6	0.57222	1	1	1	1	1	1
18.61	0.57241	1	1	1	1	1	1
18.62	0.5726	1	1	1	1	1	1
18.63	0.57279	1	1	1	1	1	1
18.64	0.57299	1	1	1	1	1	1
18.65	0.57318	1	1	1	1	1	1
18.66	0.57337	1	1	1	1	1	1
18.67	0.57356	1	1	1	1	1	1
18.68	0.57375	1	1	1	1	1	1
18.69	0.57394	1	1	1	1	1	1
18.7	0.57413	1	1	1	1	1	1
18.71	0.57432	1	1	1	1	1	1
18.72	0.57451	1	1	1	1	1	1
18.73	0.5747	1	1	1	1	1	1
18.74	0.57489	1	1	1	1	1	1
18.75	0.57508	1	1	1	1	1	1
18.76	0.57527	1	1	1	1	1	1
18.77	0.57546	1	1	1	1	1	1
18.78	0.57565	1	1	1	1	1	1
18.79	0.57584	1	1	1	1	1	1
18.8	0.57603	1	1	1	1	1	1
18.81	0.57622	1	1	1	1	1	1
18.82	0.57641	1	1	1	1	1	1
18.83	0.5766	1	1	1	1	1	1
18.84	0.57679	1	1	1	1	1	1
18.85	0.57698	1	1	1	1	1	1
18.86	0.57717	1	1	1	1	1	1
18.87	0.57736	1	1	1	1	1	1
18.88	0.57755	1	1	1	1	1	1
18.89	0.57774	1	1	1	1	1	1
18.9	0.57793	1	1	1	1	1	1
18.91	0.57812	1	1	1	1	1	1
18.92	0.57831	1	1	1	1	1	1
18.93	0.57849	1	1	1	1	1	1
18.94	0.57868	1	1	1	1	1	1
18.95	0.57887	1	1	1	1	1	1
18.96	0.57906	1	1	1	1	1	1
18.97	0.57925	1	1	1	1	1	1
18.98	0.57944	1	1	1	1	1	1
18.99	0.57963	1	1	1	1	1	1
19	0.57981	1	1	1	1	1	1
19.01	0.58	1	1	1	1	1	1
19.02	0.58019	1	1	1	1	1	1
19.03	0.58038	1	1	1	1	1	1
19.04	0.58057	1	1	1	1	1	1
19.05	0.58075	1	1	1	1	1	1
19.06	0.58094	1	1	1	1	1	1
19.07	0.58113	1	1	1	1	1	1
19.08	0.58132	1	1	1	1	1	1
19.09	0.5815	1	1	1	1	1	1
19.1	0.58169	1	1	1	1	1	1
19.11	0.58188	1	1	1	1	1	1
19.12	0.58207	1	1	1	1	1	1
19.13	0.58225	1	1	1	1	1	1
19.14	0.58244	1	1	1	1	1	1
19.15	0.58263	1	1	1	1	1	1
19.16	0.58281	1	1	1	1	1	1
19.17	0.583	1	1	1	1	1	1
19.18	0.58319	1	1	1	1	1	1
19.19	0.58337	1	1	1	1	1	1
19.2	0.58356	1	1	1	1	1	1
19.21	0.58375	1	1	1	1	1	1
19.22	0.58393	1	1	1	1	1	1
19.23	0.58412	1	1	1	1	1	1
19.24	0.58431	1	1	1	1	1	1
19.25	0.58449	1	1	1	1	1	1
19.26	0.58468	1	1	1	1	1	1
19.27	0.58486	1	1	1	1	1	1
19.28	0.58505	1	1	1	1	1	1
19.29	0.58523	1	1	1	1	1	1
19.3	0.58542	1	1	1	1	1	1
19.31	0.58561	1	1	1	1	1	1
19.32	0.58579	1	1	1	1	1	1
19.33	0.58598	1	1	1	1	1	1
19.34	0.58616	1	1	1	1	1	1
19.35	0.58635	1	1	1	1	1	1
19.36	0.58653	1	1	1	1	1	1
19.37	0.58672	1	1	1	1	1	1
19.38	0.5869	1	1	1	1	1	1
19.39	0.58709	1	1	1	1	1	1
19.4	0.58727	1	1	1	1	1	1
19.41	0.58746	1	1	1	1	1	1
19.42	0.58764	1	1	1	1	1	1
19.43	0.58783	1	1	1	1	1	1
19.44	0.58801	1	1	1	1	1	1
19.45	0.5882	1	1	1	1	1	1
19.46	0.58838	1	1	1	1	1	1
19.47	0.58856	1	1	1	1	1	1
19.48	0.58875	1	1	1	1	1	1
19.49	0.58893	1	1	1	1	1	1
19.5	0.58912	1	1	1	1	1	1
19.51	0.5893	1	1	1	1	1	1
19.52	0.58948	1	1	1	1	1	1
19.53	0.58967	1	1	1	1	1	1
19.54	0.58985	1	1	1	1	1	1
19.55	0.59004	1	1	1	1	1	1
19.56	0.59022	1	1	1	1	1	1
19.57	0.5904	1	1	1	1	1	1
19.58	0.59059	1	1	1	1	1	1
19.59	0.59077	1	1	1	1	1	1
19.6	0.59095	1	1	1	1	1	1
19.61	0.59114	1	1	1	1	1	1
19.62	0.59132	1	1	1	1	1	1
19.63	0.5915	1	1	1	1	1	1
19.64	0.59168	1	1	1	1	1	1
19.65	0.59187	1	1	1	1	1	1
19.66	0.59205	1	1	1	1	1	1
19.67	0.59223	1	1	1	1	1	1
19.68	0.59242	1	1	1	1	1	1
19.69	0.5926	1	1	1	1	1	1
19.7	0.59278	1	1	1	1	1	1
19.71	0.59296	1	1	1	1	1	1
19.72	0.59314	1	1	1	1	1	1
19.73	0.59333	1	1	1	1	1	1
19.74	0.59351	1	1	1	1	1	1
19.75	0.59369	1	1	1	1	1	1
19.76	0.59387	1	1	1	1	1	1
19.77	0.59405	1	1	1	1	1	1
19.78	0.59424	1	1	1	1	1	1
19.79	0.59442	1	1	1	1	1	1
19.8	0.5946	1	1	1	1	1	1
19.81	0.59478	1	1	1	1	1	1
19.82	0.59496	1	1	1	1	1	1
19.83	0.59514	1	1	1	1	1	1
19.84	0.59532	1	1	1	1	1	1
19.85	0.59551	1	1	1	1	1	1
19.86	0.59569	1	1	1	1	1	1
19.87	0.59587	1	1	1	1	1	1
19.88	0.59605	1	1	1	1	1	1
19.89	0.59623	1	1	1	1	1	1
19.9	0.59641	1	1	1	1	1	1
19.91	0.59659	1	1	1	1	1	1
19.92	0.59677	1	1	1	1	1	1
19.93	0.59695	1	1	1	1	1	1
19.94	0.59713	1	1	1	1	1	1
19.95	0.59731	1	1	1	1	1	1
19.96	0.59749	1	1	1	1	1	1
19.97	0.59767	1	1	1	1	1	1
19.98	0.59785	1	1	1	1	1	1
19.99	0.59803	1	1	1	1	1	1
20	0.59821	1	1	1	1	1	1
