t	y1.0	y6.5	y8.0	y9.8	y11.2	y14.0	y17.1
0	0	0	0	0	0	0	0
0.01	4.9502e-05	0.00032324	0.000396	0.00048459	0.0005529	0.00069296	0.00084638
0.02	0.00019604	0.0012799	0.001568	0.0019187	0.002189	0.0027434	0.0033505
0.03	0.0004367	0.0028505	0.0034918	0.0042725	0.0048743	0.0061079	0.0074586
0.04	0.00076863	0.0050155	0.0061434	0.0075162	0.0085741	0.010742	0.013116
0.05	0.001189	0.0077556	0.0094986	0.01162	0.013254	0.016602	0.020265
0.06	0.0016952	0.011051	0.013533	0.016553	0.018878	0.023641	0.02885
0.07	0.0022844	0.014884	0.018224	0.022285	0.025412	0.031815	0.038811
0.08	0.002954	0.019234	0.023546	0.028787	0.032821	0.041075	0.050089
0.09	0.0037016	0.024083	0.029475	0.036028	0.041068	0.051377	0.062624
0.1	0.0045244	0.029411	0.035989	0.043977	0.050119	0.062672	0.076356
0.11	0.0054202	0.035201	0.043063	0.052605	0.059938	0.074914	0.091223
0.12	0.0063864	0.041434	0.050674	0.061882	0.07049	0.088056	0.10716
0.13	0.0074207	0.048091	0.058798	0.071777	0.08174	0.10205	0.12412
0.14	0.0085209	0.055154	0.067413	0.082262	0.093651	0.11685	0.14202
0.15	0.0096846	0.062607	0.076495	0.093306	0.10619	0.13241	0.16081
0.16	0.01091	0.07043	0.086023	0.10488	0.11932	0.14868	0.18044
0.17	0.012194	0.078607	0.095973	0.11696	0.13301	0.16562	0.20082
0.18	0.013535	0.087121	0.10632	0.12951	0.14723	0.18317	0.22192
0.19	0.014932	0.095953	0.11705	0.1425	0.16194	0.2013	0.24366
0.2	0.016381	0.10509	0.12814	0.15591	0.1771	0.21996	0.26599
0.21	0.017881	0.11451	0.13956	0.16971	0.19269	0.2391	0.28884
0.22	0.019431	0.1242	0.1513	0.18387	0.20867	0.25868	0.31217
0.23	0.021028	0.13415	0.16333	0.19837	0.22501	0.27866	0.3359
0.24	0.02267	0.14433	0.17564	0.21317	0.24168	0.29899	0.36
0.25	0.024356	0.15474	0.1882	0.22826	0.25865	0.31963	0.38439
0.26	0.026084	0.16536	0.20099	0.24361	0.27589	0.34054	0.40903
0.27	0.027852	0.17617	0.214	0.25918	0.29336	0.36169	0.43386
0.28	0.029658	0.18716	0.22721	0.27497	0.31104	0.38302	0.45884
0.29	0.031502	0.19831	0.24059	0.29094	0.32891	0.40451	0.48391
0.3	0.03338	0.20962	0.25414	0.30707	0.34692	0.42611	0.50902
0.31	0.035293	0.22106	0.26782	0.32333	0.36506	0.44779	0.53413
0.32	0.037238	0.23262	0.28164	0.33971	0.3833	0.46951	0.55918
0.33	0.039213	0.2443	0.29556	0.35619	0.40161	0.49124	0.58414
0.34	0.041218	0.25607	0.30957	0.37273	0.41996	0.51294	0.60896
0.35	0.043251	0.26794	0.32366	0.38933	0.43834	0.53458	0.6336
0.36	0.045311	0.27987	0.33781	0.40596	0.45672	0.55614	0.65802
0.37	0.047396	0.29187	0.35201	0.4226	0.47508	0.57757	0.68218
0.38	0.049505	0.30391	0.36623	0.43923	0.49339	0.59885	0.70604
0.39	0.051636	0.316	0.38047	0.45583	0.51163	0.61996	0.72958
0.4	0.05379	0.32812	0.39472	0.47239	0.52978	0.64086	0.75275
0.41	0.055963	0.34025	0.40895	0.4889	0.54782	0.66153	0.77552
0.42	0.058156	0.35239	0.42316	0.50532	0.56573	0.68194	0.79788
0.43	0.060367	0.36453	0.43733	0.52165	0.5835	0.70207	0.81977
0.44	0.062595	0.37666	0.45146	0.53787	0.60111	0.72191	0.84119
0.45	0.06484	0.38877	0.46552	0.55397	0.61853	0.74142	0.8621
0.46	0.067099	0.40085	0.47951	0.56993	0.63575	0.76059	0.88249
0.47	0.069371	0.41289	0.49342	0.58574	0.65276	0.77939	0.90233
0.48	0.071657	0.42489	0.50723	0.60139	0.66955	0.79782	0.92159
0.49	0.073955	0.43683	0.52095	0.61686	0.68609	0.81586	0.94028
0.5	0.076264	0.44871	0.53455	0.63214	0.70238	0.83348	0.95835
0.51	0.078584	0.46051	0.54802	0.64722	0.71839	0.85067	0.97582
0.52	0.080912	0.47225	0.56137	0.66209	0.73414	0.86743	0.99265
0.53	0.083249	0.4839	0.57458	0.67674	0.74959	0.88374	1.0088
0.54	0.085594	0.49545	0.58764	0.69117	0.76473	0.89959	1.0244
0.55	0.087946	0.50692	0.60054	0.70535	0.77957	0.91496	1.0393
0.56	0.090304	0.51828	0.61329	0.71929	0.7941	0.92986	1.0535
0.57	0.092668	0.52953	0.62586	0.73297	0.80829	0.94426	1.067
0.58	0.095036	0.54067	0.63826	0.74639	0.82215	0.95817	1.0799
0.59	0.097408	0.55169	0.65048	0.75955	0.83567	0.97158	1.092
0.6	0.099784	0.56258	0.66251	0.77243	0.84884	0.98449	1.1035
0.61	0.10216	0.57335	0.67435	0.78503	0.86165	0.99689	1.1144
0.62	0.10454	0.58399	0.68599	0.79734	0.87411	1.0088	1.1245
0.63	0.10692	0.59449	0.69744	0.80936	0.88621	1.0201	1.134
0.64	0.10931	0.60485	0.70867	0.82109	0.89794	1.031	1.1428
0.65	0.11169	0.61506	0.71969	0.83253	0.9093	1.0413	1.1509
0.66	0.11407	0.62513	0.73051	0.84366	0.92029	1.0511	1.1584
0.67	0.11646	0.63504	0.7411	0.85449	0.93091	1.0605	1.1652
0.68	0.11884	0.64481	0.75148	0.86501	0.94115	1.0692	1.1713
0.69	0.12122	0.65441	0.76163	0.87522	0.95102	1.0775	1.1769
0.7	0.12359	0.66386	0.77156	0.88512	0.96051	1.0853	1.1818
0.71	0.12597	0.67315	0.78126	0.89472	0.96963	1.0926	1.1861
0.72	0.12834	0.68227	0.79073	0.904	0.97837	1.0994	1.1897
0.73	0.13071	0.69123	0.79997	0.91297	0.98674	1.1057	1.1928
0.74	0.13307	0.70002	0.80899	0.92163	0.99473	1.1115	1.1953
0.75	0.13543	0.70864	0.81777	0.92997	1.0024	1.1168	1.1973
0.76	0.13779	0.7171	0.82631	0.93801	1.0096	1.1216	1.1987
0.77	0.14014	0.72538	0.83463	0.94574	1.0165	1.126	1.1996
0.78	0.14248	0.73349	0.84271	0.95316	1.023	1.13	1.1999
0.79	0.14482	0.74143	0.85056	0.96027	1.0292	1.1335	1.1998
0.8	0.14715	0.7492	0.85818	0.96708	1.035	1.1365	1.1991
0.81	0.14948	0.75679	0.86556	0.97359	1.0405	1.1391	1.198
0.82	0.1518	0.76422	0.87272	0.97981	1.0456	1.1413	1.1964
0.83	0.15411	0.77146	0.87964	0.98572	1.0504	1.1431	1.1945
0.84	0.15642	0.77854	0.88633	0.99134	1.0548	1.1445	1.192
0.85	0.15872	0.78544	0.8928	0.99668	1.059	1.1456	1.1892
0.86	0.16101	0.79217	0.89904	1.0017	1.0627	1.1462	1.1861
0.87	0.16329	0.79873	0.90506	1.0065	1.0662	1.1465	1.1825
0.88	0.16557	0.80511	0.91085	1.011	1.0694	1.1464	1.1786
0.89	0.16784	0.81133	0.91642	1.0152	1.0722	1.146	1.1744
0.9	0.1701	0.81737	0.92178	1.0191	1.0748	1.1453	1.1699
0.91	0.17235	0.82325	0.92692	1.0228	1.0771	1.1442	1.1651
0.92	0.17459	0.82896	0.93184	1.0263	1.0791	1.1429	1.16
0.93	0.17682	0.8345	0.93656	1.0294	1.0808	1.1412	1.1547
0.94	0.17904	0.83988	0.94106	1.0323	1.0822	1.1393	1.1492
0.95	0.18126	0.84509	0.94536	1.035	1.0834	1.1371	1.1434
0.96	0.18346	0.85015	0.94946	1.0375	1.0843	1.1347	1.1375
0.97	0.18566	0.85504	0.95337	1.0397	1.085	1.132	1.1314
0.98	0.18784	0.85977	0.95707	1.0416	1.0854	1.1291	1.1251
0.99	0.19002	0.86435	0.96058	1.0434	1.0856	1.126	1.1187
1	0.19219	0.86877	0.96391	1.0449	1.0856	1.1226	1.1122
1.01	0.19434	0.87304	0.96704	1.0463	1.0854	1.1191	1.1055
1.02	0.19649	0.87715	0.97	1.0474	1.0849	1.1154	1.0988
1.03	0.19862	0.88112	0.97278	1.0483	1.0843	1.1116	1.092
1.04	0.20075	0.88494	0.97538	1.049	1.0834	1.1076	1.0852
1.05	0.20286	0.88862	0.97781	1.0496	1.0824	1.1034	1.0783
1.06	0.20497	0.89215	0.98008	1.05	1.0812	1.0991	1.0713
1.07	0.20706	0.89554	0.98218	1.0502	1.0798	1.0947	1.0644
1.08	0.20915	0.8988	0.98412	1.0502	1.0783	1.0902	1.0575
1.09	0.21122	0.90192	0.98591	1.05	1.0766	1.0856	1.0506
1.1	0.21329	0.9049	0.98754	1.0497	1.0748	1.0809	1.0437
1.11	0.21534	0.90776	0.98903	1.0493	1.0728	1.0762	1.0369
1.12	0.21738	0.91049	0.99037	1.0487	1.0707	1.0714	1.0301
1.13	0.21941	0.91309	0.99158	1.048	1.0685	1.0665	1.0234
1.14	0.22143	0.91557	0.99265	1.0471	1.0662	1.0616	1.0168
1.15	0.22344	0.91793	0.99358	1.0461	1.0637	1.0566	1.0102
1.16	0.22544	0.92017	0.99439	1.045	1.0612	1.0517	1.0038
1.17	0.22743	0.9223	0.99508	1.0438	1.0586	1.0467	0.99748
1.18	0.22941	0.92431	0.99564	1.0425	1.0558	1.0417	0.99128
1.19	0.23138	0.92621	0.99609	1.0411	1.053	1.0367	0.98521
1.2	0.23334	0.92801	0.99643	1.0395	1.0502	1.0317	0.97927
1.21	0.23529	0.9297	0.99666	1.0379	1.0472	1.0268	0.97348
1.22	0.23722	0.93129	0.99679	1.0362	1.0443	1.0219	0.96784
1.23	0.23915	0.93278	0.99682	1.0344	1.0412	1.017	0.96236
1.24	0.24106	0.93417	0.99675	1.0326	1.0381	1.0122	0.95704
1.25	0.24297	0.93547	0.99659	1.0306	1.035	1.0074	0.9519
1.26	0.24486	0.93668	0.99634	1.0286	1.0319	1.0027	0.94693
1.27	0.24675	0.93779	0.99601	1.0266	1.0287	0.99801	0.94214
1.28	0.24862	0.93883	0.9956	1.0245	1.0255	0.99342	0.93754
1.29	0.25049	0.93978	0.99511	1.0223	1.0222	0.98891	0.93313
1.3	0.25234	0.94064	0.99454	1.0201	1.019	0.98449	0.92891
1.31	0.25418	0.94143	0.99391	1.0179	1.0158	0.98015	0.92488
1.32	0.25602	0.94214	0.99321	1.0156	1.0125	0.9759	0.92105
1.33	0.25784	0.94278	0.99245	1.0133	1.0093	0.97175	0.91742
1.34	0.25965	0.94335	0.99163	1.011	1.0061	0.9677	0.91399
1.35	0.26145	0.94385	0.99075	1.0086	1.0029	0.96375	0.91076
1.36	0.26325	0.94429	0.98983	1.0063	0.99971	0.95992	0.90774
1.37	0.26503	0.94466	0.98885	1.0039	0.99655	0.9562	0.90491
1.38	0.2668	0.94497	0.98783	1.0015	0.99342	0.95259	0.90229
1.39	0.26857	0.94522	0.98676	0.99908	0.99031	0.9491	0.89987
1.4	0.27032	0.94542	0.98566	0.99667	0.98725	0.94573	0.89765
1.41	0.27206	0.94556	0.98452	0.99427	0.98422	0.94249	0.89563
1.42	0.2738	0.94565	0.98334	0.99188	0.98123	0.93937	0.8938
1.43	0.27552	0.94569	0.98214	0.98949	0.97829	0.93638	0.89217
1.44	0.27724	0.94569	0.98091	0.98711	0.9754	0.93351	0.89074
1.45	0.27895	0.94563	0.97965	0.98475	0.97256	0.93078	0.88949
1.46	0.28064	0.94554	0.97837	0.9824	0.96978	0.92817	0.88843
1.47	0.28233	0.94541	0.97708	0.98008	0.96705	0.9257	0.88756
1.48	0.28401	0.94523	0.97576	0.97778	0.96438	0.92336	0.88686
1.49	0.28568	0.94502	0.97443	0.9755	0.96178	0.92115	0.88634
1.5	0.28734	0.94478	0.97309	0.97326	0.95923	0.91907	0.886
1.51	0.28899	0.9445	0.97174	0.97104	0.95676	0.91712	0.88582
1.52	0.29063	0.9442	0.97039	0.96886	0.95435	0.91531	0.88581
1.53	0.29227	0.94386	0.96903	0.96671	0.95201	0.91362	0.88596
1.54	0.29389	0.9435	0.96766	0.9646	0.94974	0.91207	0.88627
1.55	0.29551	0.94311	0.9663	0.96253	0.94754	0.91064	0.88672
1.56	0.29712	0.9427	0.96493	0.9605	0.94541	0.90934	0.88733
1.57	0.29872	0.94227	0.96357	0.95851	0.94336	0.90817	0.88807
1.58	0.30031	0.94182	0.96222	0.95657	0.94139	0.90712	0.88894
1.59	0.30189	0.94135	0.96087	0.95467	0.93949	0.9062	0.88995
1.6	0.30346	0.94086	0.95953	0.95282	0.93767	0.9054	0.89108
1.61	0.30503	0.94036	0.9582	0.95102	0.93592	0.90471	0.89233
1.62	0.30659	0.93985	0.95689	0.94926	0.93426	0.90415	0.8937
1.63	0.30814	0.93932	0.95558	0.94756	0.93267	0.90369	0.89517
1.64	0.30968	0.93879	0.95429	0.94591	0.93116	0.90336	0.89674
1.65	0.31122	0.93824	0.95302	0.94431	0.92973	0.90313	0.89841
1.66	0.31274	0.93769	0.95177	0.94277	0.92837	0.903	0.90017
1.67	0.31426	0.93713	0.95054	0.94128	0.9271	0.90299	0.90202
1.68	0.31577	0.93657	0.94932	0.93984	0.9259	0.90307	0.90394
1.69	0.31728	0.936	0.94813	0.93846	0.92478	0.90326	0.90594
1.7	0.31878	0.93543	0.94696	0.93713	0.92374	0.90354	0.90801
1.71	0.32026	0.93485	0.94581	0.93586	0.92277	0.90392	0.91014
1.72	0.32175	0.93428	0.94469	0.93465	0.92188	0.90438	0.91233
1.73	0.32322	0.93371	0.94359	0.93349	0.92107	0.90493	0.91457
1.74	0.32469	0.93314	0.94252	0.93239	0.92033	0.90557	0.91685
1.75	0.32615	0.93257	0.94148	0.93135	0.91966	0.90629	0.91918
1.76	0.3276	0.93201	0.94046	0.93036	0.91906	0.90708	0.92154
1.77	0.32905	0.93145	0.93948	0.92943	0.91854	0.90795	0.92393
1.78	0.33049	0.9309	0.93852	0.92855	0.91809	0.9089	0.92635
1.79	0.33193	0.93035	0.93759	0.92773	0.91771	0.9099	0.92878
1.8	0.33335	0.92981	0.93669	0.92697	0.91739	0.91098	0.93123
1.81	0.33477	0.92928	0.93582	0.92626	0.91714	0.91211	0.9337
1.82	0.33619	0.92876	0.93499	0.9256	0.91696	0.91331	0.93617
1.83	0.33759	0.92824	0.93418	0.925	0.91684	0.91456	0.93864
1.84	0.33899	0.92774	0.93341	0.92446	0.91678	0.91585	0.94111
1.85	0.34039	0.92725	0.93267	0.92396	0.91679	0.9172	0.94357
1.86	0.34178	0.92676	0.93196	0.92352	0.91686	0.91859	0.94602
1.87	0.34316	0.9263	0.93128	0.92313	0.91698	0.92003	0.94845
1.88	0.34454	0.92584	0.93063	0.92279	0.91716	0.9215	0.95087
1.89	0.34591	0.92539	0.93002	0.92251	0.91739	0.92301	0.95326
1.9	0.34727	0.92496	0.92944	0.92227	0.91768	0.92455	0.95563
1.91	0.34863	0.92455	0.92889	0.92208	0.91802	0.92612	0.95796
1.92	0.34998	0.92414	0.92838	0.92194	0.91841	0.92771	0.96027
1.93	0.35133	0.92376	0.9279	0.92184	0.91885	0.92933	0.96254
1.94	0.35267	0.92338	0.92745	0.92179	0.91934	0.93097	0.96477
1.95	0.35401	0.92303	0.92703	0.92179	0.91987	0.93263	0.96696
1.96	0.35534	0.92268	0.92664	0.92183	0.92044	0.9343	0.96911
1.97	0.35666	0.92236	0.92629	0.92191	0.92106	0.93598	0.97121
1.98	0.35798	0.92205	0.92597	0.92203	0.92171	0.93767	0.97326
1.99	0.3593	0.92175	0.92568	0.9222	0.92241	0.93937	0.97526
2	0.36061	0.92148	0.92542	0.9224	0.92314	0.94107	0.97721
2.01	0.36191	0.92122	0.92519	0.92265	0.9239	0.94277	0.97911
2.02	0.36321	0.92097	0.92499	0.92293	0.9247	0.94447	0.98095
2.03	0.3645	0.92075	0.92482	0.92324	0.92553	0.94617	0.98273
2.04	0.36579	0.92054	0.92468	0.9236	0.92639	0.94786	0.98445
2.05	0.36708	0.92034	0.92457	0.92398	0.92727	0.94955	0.98612
2.06	0.36835	0.92017	0.92449	0.9244	0.92818	0.95122	0.98772
2.07	0.36963	0.92001	0.92444	0.92485	0.92912	0.95288	0.98926
2.08	0.3709	0.91987	0.92442	0.92533	0.93008	0.95453	0.99074
2.09	0.37216	0.91975	0.92442	0.92584	0.93106	0.95616	0.99216
2.1	0.37342	0.91964	0.92446	0.92638	0.93206	0.95778	0.99351
2.11	0.37468	0.91955	0.92451	0.92695	0.93307	0.95937	0.9948
2.12	0.37593	0.91948	0.9246	0.92754	0.93411	0.96094	0.99602
2.13	0.37718	0.91942	0.92471	0.92815	0.93516	0.96249	0.99718
2.14	0.37842	0.91939	0.92484	0.92879	0.93622	0.96402	0.99828
2.15	0.37965	0.91936	0.925	0.92945	0.93729	0.96552	0.99932
2.16	0.38089	0.91936	0.92518	0.93014	0.93837	0.967	1.0003
2.17	0.38212	0.91937	0.92539	0.93084	0.93947	0.96844	1.0012
2.18	0.38334	0.9194	0.92562	0.93156	0.94056	0.96986	1.002
2.19	0.38456	0.91944	0.92587	0.9323	0.94167	0.97125	1.0028
2.2	0.38578	0.91951	0.92614	0.93306	0.94278	0.9726	1.0035
2.21	0.38699	0.91958	0.92643	0.93383	0.94389	0.97392	1.0042
2.22	0.3882	0.91967	0.92675	0.93461	0.94501	0.97521	1.0048
2.23	0.3894	0.91978	0.92708	0.93541	0.94613	0.97647	1.0053
2.24	0.3906	0.91991	0.92743	0.93622	0.94724	0.97769	1.0058
2.25	0.3918	0.92004	0.9278	0.93705	0.94836	0.97888	1.0063
2.26	0.39299	0.9202	0.92819	0.93788	0.94947	0.98003	1.0066
2.27	0.39418	0.92037	0.9286	0.93872	0.95058	0.98114	1.007
2.28	0.39537	0.92055	0.92902	0.93957	0.95168	0.98222	1.0072
2.29	0.39655	0.92074	0.92946	0.94043	0.95278	0.98326	1.0074
2.3	0.39773	0.92095	0.92991	0.94129	0.95387	0.98427	1.0076
2.31	0.3989	0.92118	0.93038	0.94216	0.95495	0.98524	1.0077
2.32	0.40007	0.92141	0.93086	0.94304	0.95603	0.98617	1.0078
2.33	0.40124	0.92166	0.93135	0.94391	0.95709	0.98706	1.0078
2.34	0.4024	0.92193	0.93186	0.94479	0.95814	0.98791	1.0078
2.35	0.40356	0.9222	0.93238	0.94568	0.95919	0.98873	1.0077
2.36	0.40472	0.92249	0.93291	0.94656	0.96022	0.98951	1.0076
2.37	0.40587	0.92279	0.93345	0.94744	0.96124	0.99025	1.0075
2.38	0.40702	0.9231	0.93401	0.94833	0.96224	0.99096	1.0073
2.39	0.40817	0.92342	0.93457	0.94921	0.96323	0.99163	1.0071
2.4	0.40931	0.92375	0.93514	0.95009	0.96421	0.99226	1.0068
2.41	0.41045	0.92409	0.93572	0.95096	0.96517	0.99286	1.0066
2.42	0.41159	0.92445	0.93631	0.95184	0.96612	0.99342	1.0063
2.43	0.41272	0.92481	0.93691	0.95271	0.96704	0.99395	1.0059
2.44	0.41386	0.92518	0.93751	0.95357	0.96796	0.99444	1.0056
2.45	0.41498	0.92557	0.93812	0.95443	0.96885	0.9949	1.0052
2.46	0.41611	0.92596	0.93873	0.95528	0.96973	0.99532	1.0048
2.47	0.41723	0.92636	0.93935	0.95613	0.97059	0.99571	1.0043
2.48	0.41835	0.92676	0.93998	0.95697	0.97143	0.99607	1.0039
2.49	0.41946	0.92718	0.94061	0.9578	0.97225	0.9964	1.0034
2.5	0.42058	0.9276	0.94124	0.95862	0.97306	0.99669	1.0029
2.51	0.42168	0.92803	0.94188	0.95944	0.97384	0.99696	1.0024
2.52	0.42279	0.92847	0.94251	0.96024	0.97461	0.99719	1.0019
2.53	0.4239	0.92892	0.94316	0.96104	0.97535	0.9974	1.0014
2.54	0.425	0.92937	0.9438	0.96183	0.97608	0.99758	1.0008
2.55	0.42609	0.92983	0.94444	0.9626	0.97679	0.99773	1.0003
2.56	0.42719	0.93029	0.94509	0.96337	0.97748	0.99786	0.99971
2.57	0.42828	0.93076	0.94574	0.96413	0.97814	0.99796	0.99916
2.58	0.42937	0.93123	0.94638	0.96487	0.97879	0.99803	0.99859
2.59	0.43046	0.93171	0.94703	0.9656	0.97942	0.99808	0.99803
2.6	0.43154	0.9322	0.94767	0.96632	0.98002	0.99811	0.99746
2.61	0.43263	0.93268	0.94832	0.96703	0.98061	0.99812	0.99689
2.62	0.43371	0.93318	0.94896	0.96773	0.98118	0.9981	0.99633
2.63	0.43478	0.93367	0.9496	0.96841	0.98173	0.99806	0.99576
2.64	0.43586	0.93417	0.95024	0.96908	0.98226	0.99801	0.9952
2.65	0.43693	0.93467	0.95088	0.96974	0.98277	0.99794	0.99465
2.66	0.438	0.93518	0.95151	0.97038	0.98326	0.99784	0.9941
2.67	0.43906	0.93569	0.95214	0.97101	0.98373	0.99774	0.99356
2.68	0.44013	0.9362	0.95277	0.97163	0.98418	0.99761	0.99303
2.69	0.44119	0.93671	0.95339	0.97224	0.98461	0.99747	0.9925
2.7	0.44225	0.93722	0.95401	0.97283	0.98503	0.99732	0.99199
2.71	0.44331	0.93774	0.95463	0.97341	0.98542	0.99715	0.99148
2.72	0.44436	0.93826	0.95524	0.97397	0.9858	0.99697	0.99099
2.73	0.44541	0.93878	0.95584	0.97452	0.98616	0.99678	0.99051
2.74	0.44646	0.9393	0.95645	0.97506	0.9865	0.99658	0.99004
2.75	0.44751	0.93982	0.95704	0.97558	0.98683	0.99637	0.98959
2.76	0.44855	0.94034	0.95763	0.97609	0.98714	0.99615	0.98915
2.77	0.4496	0.94086	0.95822	0.97659	0.98743	0.99592	0.98873
2.78	0.45064	0.94138	0.95879	0.97707	0.9877	0.99569	0.98832
2.79	0.45167	0.9419	0.95937	0.97754	0.98796	0.99545	0.98792
2.8	0.45271	0.94242	0.95993	0.97799	0.98821	0.9952	0.98755
2.81	0.45374	0.94294	0.96049	0.97844	0.98844	0.99494	0.98719
2.82	0.45478	0.94346	0.96105	0.97886	0.98865	0.99469	0.98684
2.83	0.4558	0.94398	0.96159	0.97928	0.98885	0.99443	0.98652
2.84	0.45683	0.94449	0.96214	0.97968	0.98904	0.99416	0.98621
2.85	0.45786	0.94501	0.96267	0.98007	0.98921	0.9939	0.98592
2.86	0.45888	0.94552	0.96319	0.98045	0.98937	0.99363	0.98565
2.87	0.4599	0.94603	0.96371	0.98081	0.98951	0.99336	0.98539
2.88	0.46092	0.94654	0.96423	0.98116	0.98964	0.99309	0.98515
2.89	0.46193	0.94705	0.96473	0.9815	0.98977	0.99282	0.98494
2.9	0.46295	0.94756	0.96523	0.98183	0.98987	0.99255	0.98474
2.91	0.46396	0.94806	0.96572	0.98215	0.98997	0.99229	0.98455
2.92	0.46497	0.94856	0.9662	0.98245	0.99006	0.99202	0.98439
2.93	0.46598	0.94906	0.96667	0.98274	0.99013	0.99176	0.98425
2.94	0.46698	0.94956	0.96714	0.98302	0.9902	0.9915	0.98412
2.95	0.46799	0.95005	0.9676	0.98329	0.99026	0.99125	0.98401
2.96	0.46899	0.95054	0.96805	0.98355	0.9903	0.99099	0.98391
2.97	0.46999	0.95103	0.9685	0.9838	0.99034	0.99075	0.98384
2.98	0.47098	0.95151	0.96893	0.98403	0.99037	0.99051	0.98378
2.99	0.47198	0.95199	0.96936	0.98426	0.99039	0.99027	0.98374
3	0.47297	0.95247	0.96978	0.98448	0.9904	0.99004	0.98372
3.01	0.47397	0.95294	0.9702	0.98468	0.99041	0.98981	0.98371
3.02	0.47495	0.95341	0.9706	0.98488	0.99041	0.98959	0.98371
3.03	0.47594	0.95387	0.971	0.98507	0.9904	0.98938	0.98374
3.04	0.47693	0.95434	0.97139	0.98525	0.99039	0.98917	0.98377
3.05	0.47791	0.95479	0.97177	0.98542	0.99037	0.98897	0.98383
3.06	0.47889	0.95525	0.97215	0.98558	0.99034	0.98878	0.98389
3.07	0.47987	0.9557	0.97251	0.98573	0.99031	0.9886	0.98397
3.08	0.48085	0.95614	0.97287	0.98587	0.99027	0.98842	0.98407
3.09	0.48183	0.95659	0.97323	0.98601	0.99023	0.98825	0.98417
3.1	0.4828	0.95702	0.97357	0.98614	0.99019	0.98809	0.98429
3.11	0.48377	0.95746	0.97391	0.98626	0.99014	0.98794	0.98443
3.12	0.48474	0.95789	0.97424	0.98637	0.99009	0.9878	0.98457
3.13	0.48571	0.95831	0.97456	0.98648	0.99004	0.98766	0.98472
3.14	0.48668	0.95873	0.97488	0.98658	0.98998	0.98754	0.98489
3.15	0.48765	0.95915	0.97519	0.98668	0.98992	0.98742	0.98506
3.16	0.48861	0.95956	0.97549	0.98676	0.98986	0.98731	0.98524
3.17	0.48957	0.95996	0.97578	0.98685	0.98979	0.98721	0.98544
3.18	0.49053	0.96037	0.97607	0.98692	0.98973	0.98712	0.98564
3.19	0.49149	0.96076	0.97635	0.98699	0.98966	0.98703	0.98585
3.2	0.49244	0.96116	0.97663	0.98706	0.9896	0.98696	0.98606
3.21	0.4934	0.96155	0.9769	0.98712	0.98953	0.98689	0.98629
3.22	0.49435	0.96193	0.97716	0.98717	0.98946	0.98684	0.98652
3.23	0.4953	0.96231	0.97741	0.98722	0.98939	0.98679	0.98675
3.24	0.49625	0.96268	0.97766	0.98727	0.98932	0.98675	0.98699
3.25	0.49719	0.96305	0.9779	0.98731	0.98925	0.98672	0.98724
3.26	0.49814	0.96342	0.97814	0.98735	0.98918	0.98669	0.98749
3.27	0.49908	0.96378	0.97837	0.98739	0.98911	0.98668	0.98774
3.28	0.50002	0.96414	0.9786	0.98742	0.98905	0.98667	0.988
3.29	0.50096	0.96449	0.97882	0.98745	0.98898	0.98667	0.98826
3.3	0.5019	0.96484	0.97903	0.98747	0.98892	0.98668	0.98852
3.31	0.50284	0.96518	0.97924	0.9875	0.98885	0.9867	0.98878
3.32	0.50377	0.96552	0.97944	0.98752	0.98879	0.98673	0.98905
3.33	0.5047	0.96585	0.97964	0.98753	0.98873	0.98676	0.98931
3.34	0.50564	0.96618	0.97983	0.98755	0.98867	0.9868	0.98958
3.35	0.50657	0.9665	0.98002	0.98756	0.98861	0.98684	0.98985
3.36	0.50749	0.96682	0.9802	0.98757	0.98856	0.9869	0.99011
3.37	0.50842	0.96714	0.98038	0.98758	0.98851	0.98696	0.99038
3.38	0.50934	0.96745	0.98055	0.98759	0.98846	0.98702	0.99064
3.39	0.51027	0.96776	0.98072	0.9876	0.98841	0.9871	0.99091
3.4	0.51119	0.96806	0.98089	0.9876	0.98837	0.98718	0.99117
3.41	0.51211	0.96836	0.98105	0.98761	0.98832	0.98726	0.99143
3.42	0.51302	0.96865	0.9812	0.98761	0.98828	0.98735	0.99168
3.43	0.51394	0.96894	0.98135	0.98762	0.98825	0.98745	0.99194
3.44	0.51485	0.96923	0.9815	0.98762	0.98821	0.98755	0.99219
3.45	0.51576	0.96951	0.98164	0.98762	0.98818	0.98766	0.99244
3.46	0.51668	0.96978	0.98178	0.98762	0.98816	0.98777	0.99268
3.47	0.51758	0.97006	0.98192	0.98762	0.98813	0.98788	0.99292
3.48	0.51849	0.97033	0.98205	0.98763	0.98811	0.988	0.99316
3.49	0.5194	0.97059	0.98218	0.98763	0.98809	0.98813	0.99339
3.5	0.5203	0.97085	0.98231	0.98763	0.98808	0.98826	0.99361
3.51	0.5212	0.97111	0.98243	0.98763	0.98807	0.98839	0.99384
3.52	0.5221	0.97136	0.98255	0.98763	0.98806	0.98852	0.99405
3.53	0.523	0.97161	0.98267	0.98763	0.98805	0.98866	0.99427
3.54	0.5239	0.97186	0.98278	0.98764	0.98805	0.9888	0.99447
3.55	0.5248	0.9721	0.98289	0.98764	0.98805	0.98895	0.99467
3.56	0.52569	0.97234	0.983	0.98765	0.98806	0.9891	0.99487
3.57	0.52658	0.97257	0.9831	0.98765	0.98807	0.98924	0.99506
3.58	0.52747	0.9728	0.98321	0.98766	0.98808	0.9894	0.99524
3.59	0.52836	0.97303	0.98331	0.98767	0.98809	0.98955	0.99542
3.6	0.52925	0.97326	0.98341	0.98767	0.98811	0.9897	0.99559
3.61	0.53014	0.97348	0.9835	0.98768	0.98813	0.98986	0.99576
3.62	0.53102	0.9737	0.9836	0.9877	0.98816	0.99002	0.99592
3.63	0.5319	0.97391	0.98369	0.98771	0.98819	0.99018	0.99607
3.64	0.53279	0.97412	0.98378	0.98772	0.98822	0.99033	0.99622
3.65	0.53367	0.97433	0.98387	0.98774	0.98825	0.99049	0.99636
3.66	0.53454	0.97453	0.98395	0.98775	0.98829	0.99065	0.99649
3.67	0.53542	0.97474	0.98404	0.98777	0.98833	0.99082	0.99662
3.68	0.5363	0.97493	0.98412	0.98779	0.98837	0.99098	0.99675
3.69	0.53717	0.97513	0.98421	0.98781	0.98842	0.99114	0.99686
3.7	0.53804	0.97532	0.98429	0.98783	0.98847	0.9913	0.99697
3.71	0.53891	0.97551	0.98436	0.98785	0.98852	0.99146	0.99708
3.72	0.53978	0.9757	0.98444	0.98788	0.98857	0.99162	0.99718
3.73	0.54065	0.97588	0.98452	0.98791	0.98863	0.99177	0.99727
3.74	0.54151	0.97607	0.9846	0.98793	0.98869	0.99193	0.99736
3.75	0.54237	0.97625	0.98467	0.98796	0.98875	0.99209	0.99744
3.76	0.54324	0.97642	0.98474	0.988	0.98881	0.99224	0.99751
3.77	0.5441	0.9766	0.98482	0.98803	0.98888	0.9924	0.99758
3.78	0.54496	0.97677	0.98489	0.98806	0.98895	0.99255	0.99765
3.79	0.54581	0.97694	0.98496	0.9881	0.98902	0.9927	0.99771
3.8	0.54667	0.9771	0.98503	0.98814	0.98909	0.99285	0.99776
3.81	0.54752	0.97727	0.9851	0.98818	0.98917	0.993	0.99781
3.82	0.54838	0.97743	0.98517	0.98822	0.98924	0.99314	0.99785
3.83	0.54923	0.97759	0.98524	0.98826	0.98932	0.99329	0.99789
3.84	0.55008	0.97775	0.9853	0.98831	0.9894	0.99343	0.99793
3.85	0.55093	0.9779	0.98537	0.98835	0.98949	0.99357	0.99796
3.86	0.55177	0.97806	0.98544	0.9884	0.98957	0.9937	0.99798
3.87	0.55262	0.97821	0.9855	0.98845	0.98966	0.99384	0.998
3.88	0.55346	0.97836	0.98557	0.9885	0.98974	0.99397	0.99802
3.89	0.5543	0.97851	0.98564	0.98855	0.98983	0.9941	0.99803
3.9	0.55514	0.97865	0.9857	0.9886	0.98992	0.99423	0.99804
3.91	0.55598	0.9788	0.98577	0.98866	0.99001	0.99435	0.99805
3.92	0.55682	0.97894	0.98583	0.98872	0.9901	0.99447	0.99805
3.93	0.55766	0.97908	0.9859	0.98877	0.9902	0.99459	0.99805
3.94	0.55849	0.97922	0.98596	0.98883	0.99029	0.99471	0.99805
3.95	0.55932	0.97936	0.98603	0.98889	0.99039	0.99482	0.99804
3.96	0.56015	0.97949	0.98609	0.98896	0.99048	0.99493	0.99803
3.97	0.56098	0.97963	0.98616	0.98902	0.99058	0.99504	0.99802
3.98	0.56181	0.97976	0.98622	0.98908	0.99068	0.99515	0.998
3.99	0.56264	0.97989	0.98629	0.98915	0.99077	0.99525	0.99799
4	0.56346	0.98002	0.98635	0.98922	0.99087	0.99535	0.99797
4.01	0.56429	0.98015	0.98642	0.98928	0.99097	0.99544	0.99795
4.02	0.56511	0.98027	0.98648	0.98935	0.99107	0.99554	0.99792
4.03	0.56593	0.9804	0.98655	0.98942	0.99117	0.99563	0.9979
4.04	0.56675	0.98052	0.98661	0.98949	0.99127	0.99571	0.99787
4.05	0.56757	0.98065	0.98668	0.98957	0.99137	0.9958	0.99785
4.06	0.56838	0.98077	0.98674	0.98964	0.99147	0.99588	0.99782
4.07	0.5692	0.98089	0.98681	0.98971	0.99157	0.99596	0.99779
4.08	0.57001	0.98101	0.98688	0.98979	0.99167	0.99604	0.99776
4.09	0.57082	0.98113	0.98694	0.98986	0.99177	0.99611	0.99772
4.1	0.57163	0.98124	0.98701	0.98994	0.99187	0.99618	0.99769
4.11	0.57244	0.98136	0.98708	0.99002	0.99197	0.99625	0.99766
4.12	0.57325	0.98147	0.98714	0.99009	0.99206	0.99631	0.99763
4.13	0.57406	0.98159	0.98721	0.99017	0.99216	0.99637	0.99759
4.14	0.57486	0.9817	0.98728	0.99025	0.99226	0.99643	0.99756
4.15	0.57566	0.98181	0.98735	0.99033	0.99236	0.99649	0.99753
4.16	0.57646	0.98192	0.98741	0.99041	0.99246	0.99655	0.99749
4.17	0.57726	0.98203	0.98748	0.99049	0.99255	0.9966	0.99746
4.18	0.57806	0.98214	0.98755	0.99057	0.99265	0.99665	0.99743
4.19	0.57886	0.98225	0.98762	0.99065	0.99274	0.99669	0.99739
4.2	0.57965	0.98236	0.98769	0.99073	0.99284	0.99674	0.99736
4.21	0.58045	0.98247	0.98776	0.99081	0.99293	0.99678	0.99733
4.22	0.58124	0.98257	0.98783	0.99089	0.99302	0.99682	0.9973
4.23	0.58203	0.98268	0.9879	0.99098	0.99312	0.99686	0.99727
4.24	0.58282	0.98278	0.98797	0.99106	0.99321	0.9969	0.99724
4.25	0.58361	0.98289	0.98804	0.99114	0.9933	0.99693	0.99721
4.26	0.5844	0.98299	0.98811	0.99122	0.99339	0.99696	0.99719
4.27	0.58518	0.98309	0.98818	0.99131	0.99348	0.99699	0.99716
4.28	0.58597	0.98319	0.98825	0.99139	0.99356	0.99702	0.99714
4.29	0.58675	0.9833	0.98832	0.99147	0.99365	0.99705	0.99711
4.3	0.58753	0.9834	0.98839	0.99155	0.99373	0.99707	0.99709
4.31	0.58831	0.9835	0.98846	0.99163	0.99382	0.99709	0.99707
4.32	0.58909	0.9836	0.98853	0.99172	0.9939	0.99711	0.99705
4.33	0.58986	0.98369	0.98861	0.9918	0.99398	0.99713	0.99703
4.34	0.59064	0.98379	0.98868	0.99188	0.99406	0.99715	0.99701
4.35	0.59141	0.98389	0.98875	0.99196	0.99414	0.99717	0.997
4.36	0.59218	0.98399	0.98882	0.99204	0.99422	0.99718	0.99698
4.37	0.59295	0.98408	0.9889	0.99212	0.9943	0.9972	0.99697
4.38	0.59372	0.98418	0.98897	0.9922	0.99438	0.99721	0.99696
4.39	0.59449	0.98428	0.98904	0.99228	0.99445	0.99722	0.99695
4.4	0.59526	0.98437	0.98911	0.99236	0.99452	0.99723	0.99694
4.41	0.59602	0.98447	0.98919	0.99244	0.9946	0.99724	0.99694
4.42	0.59679	0.98456	0.98926	0.99252	0.99467	0.99725	0.99693
4.43	0.59755	0.98466	0.98933	0.9926	0.99474	0.99726	0.99693
4.44	0.59831	0.98475	0.98941	0.99268	0.99481	0.99726	0.99693
4.45	0.59907	0.98484	0.98948	0.99276	0.99487	0.99727	0.99693
4.46	0.59983	0.98494	0.98955	0.99283	0.99494	0.99727	0.99693
4.47	0.60058	0.98503	0.98963	0.99291	0.99501	0.99728	0.99693
4.48	0.60134	0.98512	0.9897	0.99299	0.99507	0.99728	0.99693
4.49	0.60209	0.98521	0.98977	0.99306	0.99513	0.99728	0.99694
4.5	0.60285	0.9853	0.98985	0.99314	0.99519	0.99729	0.99695
4.51	0.6036	0.98539	0.98992	0.99321	0.99525	0.99729	0.99696
4.52	0.60435	0.98548	0.99	0.99328	0.99531	0.99729	0.99697
4.53	0.60509	0.98557	0.99007	0.99336	0.99537	0.99729	0.99698
4.54	0.60584	0.98566	0.99014	0.99343	0.99542	0.99729	0.99699
4.55	0.60659	0.98575	0.99021	0.9935	0.99548	0.99729	0.997
4.56	0.60733	0.98584	0.99029	0.99357	0.99553	0.99729	0.99702
4.57	0.60807	0.98593	0.99036	0.99364	0.99559	0.99729	0.99704
4.58	0.60882	0.98602	0.99043	0.99371	0.99564	0.99729	0.99705
4.59	0.60955	0.98611	0.99051	0.99378	0.99569	0.99729	0.99707
4.6	0.61029	0.98619	0.99058	0.99384	0.99574	0.99729	0.99709
4.61	0.61103	0.98628	0.99065	0.99391	0.99578	0.99729	0.99712
4.62	0.61177	0.98637	0.99072	0.99398	0.99583	0.99729	0.99714
4.63	0.6125	0.98645	0.9908	0.99404	0.99588	0.99729	0.99716
4.64	0.61323	0.98654	0.99087	0.99411	0.99592	0.99729	0.99719
4.65	0.61397	0.98663	0.99094	0.99417	0.99596	0.99729	0.99721
4.66	0.6147	0.98671	0.99101	0.99423	0.99601	0.99729	0.99724
4.67	0.61542	0.9868	0.99108	0.9943	0.99605	0.99729	0.99727
4.68	0.61615	0.98688	0.99115	0.99436	0.99609	0.9973	0.99729
4.69	0.61688	0.98697	0.99122	0.99442	0.99613	0.9973	0.99732
4.7	0.6176	0.98705	0.99129	0.99448	0.99617	0.9973	0.99735
4.71	0.61833	0.98714	0.99136	0.99454	0.9962	0.9973	0.99738
4.72	0.61905	0.98722	0.99143	0.9946	0.99624	0.9973	0.99741
4.73	0.61977	0.9873	0.9915	0.99465	0.99628	0.9973	0.99744
4.74	0.62049	0.98739	0.99157	0.99471	0.99631	0.99731	0.99748
4.75	0.62121	0.98747	0.99164	0.99477	0.99635	0.99731	0.99751
4.76	0.62192	0.98755	0.99171	0.99482	0.99638	0.99731	0.99754
4.77	0.62264	0.98763	0.99178	0.99487	0.99641	0.99732	0.99758
4.78	0.62335	0.98772	0.99185	0.99493	0.99644	0.99732	0.99761
4.79	0.62407	0.9878	0.99192	0.99498	0.99647	0.99732	0.99764
4.8	0.62478	0.98788	0.99198	0.99503	0.9965	0.99733	0.99768
4.81	0.62549	0.98796	0.99205	0.99508	0.99653	0.99733	0.99771
4.82	0.62619	0.98804	0.99212	0.99513	0.99656	0.99734	0.99775
4.83	0.6269	0.98812	0.99218	0.99518	0.99659	0.99735	0.99778
4.84	0.62761	0.9882	0.99225	0.99523	0.99661	0.99735	0.99782
4.85	0.62831	0.98828	0.99231	0.99528	0.99664	0.99736	0.99785
4.86	0.62902	0.98836	0.99238	0.99533	0.99667	0.99737	0.99788
4.87	0.62972	0.98844	0.99244	0.99537	0.99669	0.99738	0.99792
4.88	0.63042	0.98852	0.99251	0.99542	0.99671	0.99739	0.99795
4.89	0.63112	0.98859	0.99257	0.99546	0.99674	0.9974	0.99799
4.9	0.63182	0.98867	0.99263	0.99551	0.99676	0.99741	0.99802
4.91	0.63251	0.98875	0.9927	0.99555	0.99678	0.99742	0.99806
4.92	0.63321	0.98883	0.99276	0.99559	0.99681	0.99743	0.99809
4.93	0.6339	0.9889	0.99282	0.99563	0.99683	0.99744	0.99812
4.94	0.6346	0.98898	0.99288	0.99568	0.99685	0.99745	0.99816
4.95	0.63529	0.98906	0.99294	0.99572	0.99687	0.99746	0.99819
4.96	0.63598	0.98913	0.993	0.99576	0.99689	0.99748	0.99822
4.97	0.63667	0.98921	0.99306	0.9958	0.99691	0.99749	0.99826
4.98	0.63735	0.98928	0.99312	0.99583	0.99693	0.9975	0.99829
4.99	0.63804	0.98936	0.99318	0.99587	0.99695	0.99752	0.99832
5	0.63873	0.98943	0.99324	0.99591	0.99697	0.99753	0.99835
5.01	0.63941	0.9895	0.9933	0.99595	0.99699	0.99755	0.99838
5.02	0.64009	0.98958	0.99336	0.99598	0.997	0.99756	0.99841
5.03	0.64077	0.98965	0.99341	0.99602	0.99702	0.99758	0.99844
5.04	0.64145	0.98972	0.99347	0.99605	0.99704	0.99759	0.99847
5.05	0.64213	0.9898	0.99353	0.99609	0.99706	0.99761	0.9985
5.06	0.64281	0.98987	0.99358	0.99612	0.99707	0.99763	0.99853
5.07	0.64348	0.98994	0.99364	0.99615	0.99709	0.99764	0.99855
5.08	0.64416	0.99001	0.99369	0.99618	0.99711	0.99766	0.99858
5.09	0.64483	0.99008	0.99375	0.99622	0.99712	0.99768	0.99861
5.1	0.64551	0.99015	0.9938	0.99625	0.99714	0.9977	0.99863
5.11	0.64618	0.99022	0.99385	0.99628	0.99715	0.99771	0.99866
5.12	0.64685	0.99029	0.99391	0.99631	0.99717	0.99773	0.99868
5.13	0.64751	0.99036	0.99396	0.99634	0.99719	0.99775	0.9987
5.14	0.64818	0.99043	0.99401	0.99637	0.9972	0.99777	0.99873
5.15	0.64885	0.9905	0.99406	0.9964	0.99722	0.99779	0.99875
5.16	0.64951	0.99057	0.99411	0.99643	0.99723	0.99781	0.99877
5.17	0.65018	0.99064	0.99416	0.99645	0.99725	0.99783	0.99879
5.18	0.65084	0.99071	0.99421	0.99648	0.99726	0.99785	0.99881
5.19	0.6515	0.99077	0.99426	0.99651	0.99728	0.99787	0.99883
5.2	0.65216	0.99084	0.99431	0.99653	0.99729	0.99789	0.99885
5.21	0.65282	0.99091	0.99436	0.99656	0.9973	0.99791	0.99887
5.22	0.65347	0.99097	0.99441	0.99659	0.99732	0.99793	0.99889
5.23	0.65413	0.99104	0.99445	0.99661	0.99733	0.99795	0.99891
5.24	0.65478	0.9911	0.9945	0.99664	0.99735	0.99797	0.99892
5.25	0.65544	0.99117	0.99455	0.99666	0.99736	0.998	0.99894
5.26	0.65609	0.99123	0.99459	0.99669	0.99738	0.99802	0.99895
5.27	0.65674	0.9913	0.99464	0.99671	0.99739	0.99804	0.99897
5.28	0.65739	0.99136	0.99468	0.99673	0.99741	0.99806	0.99898
5.29	0.65804	0.99142	0.99473	0.99676	0.99742	0.99808	0.999
5.3	0.65869	0.99148	0.99477	0.99678	0.99743	0.9981	0.99901
5.31	0.65933	0.99155	0.99482	0.9968	0.99745	0.99812	0.99902
5.32	0.65998	0.99161	0.99486	0.99683	0.99746	0.99814	0.99903
5.33	0.66062	0.99167	0.9949	0.99685	0.99748	0.99817	0.99905
5.34	0.66126	0.99173	0.99495	0.99687	0.99749	0.99819	0.99906
5.35	0.66191	0.99179	0.99499	0.99689	0.99751	0.99821	0.99907
5.36	0.66255	0.99185	0.99503	0.99691	0.99752	0.99823	0.99908
5.37	0.66318	0.99191	0.99507	0.99694	0.99754	0.99825	0.99909
5.38	0.66382	0.99197	0.99511	0.99696	0.99755	0.99827	0.9991
5.39	0.66446	0.99203	0.99515	0.99698	0.99756	0.99829	0.9991
5.4	0.66509	0.99209	0.99519	0.997	0.99758	0.99831	0.99911
5.41	0.66573	0.99215	0.99523	0.99702	0.99759	0.99833	0.99912
5.42	0.66636	0.99221	0.99527	0.99704	0.99761	0.99835	0.99913
5.43	0.66699	0.99226	0.99531	0.99706	0.99762	0.99837	0.99913
5.44	0.66762	0.99232	0.99534	0.99708	0.99764	0.99839	0.99914
5.45	0.66825	0.99238	0.99538	0.9971	0.99765	0.99841	0.99915
5.46	0.66888	0.99243	0.99542	0.99712	0.99767	0.99843	0.99915
5.47	0.66951	0.99249	0.99546	0.99714	0.99768	0.99845	0.99916
5.48	0.67013	0.99255	0.99549	0.99715	0.9977	0.99847	0.99916
5.49	0.67076	0.9926	0.99553	0.99717	0.99771	0.99849	0.99917
5.5	0.67138	0.99266	0.99556	0.99719	0.99773	0.99851	0.99917
5.51	0.672	0.99271	0.9956	0.99721	0.99774	0.99853	0.99918
5.52	0.67262	0.99276	0.99563	0.99723	0.99776	0.99855	0.99918
5.53	0.67324	0.99282	0.99567	0.99725	0.99777	0.99857	0.99919
5.54	0.67386	0.99287	0.9957	0.99727	0.99779	0.99858	0.99919
5.55	0.67448	0.99292	0.99574	0.99728	0.9978	0.9986	0.99919
5.56	0.67509	0.99298	0.99577	0.9973	0.99782	0.99862	0.9992
5.57	0.67571	0.99303	0.9958	0.99732	0.99783	0.99864	0.9992
5.58	0.67632	0.99308	0.99584	0.99734	0.99785	0.99865	0.9992
5.59	0.67694	0.99313	0.99587	0.99735	0.99786	0.99867	0.9992
5.6	0.67755	0.99318	0.9959	0.99737	0.99788	0.99869	0.99921
5.61	0.67816	0.99323	0.99593	0.99739	0.99789	0.9987	0.99921
5.62	0.67877	0.99328	0.99596	0.99741	0.99791	0.99872	0.99921
5.63	0.67938	0.99333	0.99599	0.99742	0.99792	0.99874	0.99921
5.64	0.67998	0.99338	0.99602	0.99744	0.99794	0.99875	0.99921
5.65	0.68059	0.99343	0.99605	0.99746	0.99796	0.99877	0.99922
5.66	0.68119	0.99348	0.99608	0.99748	0.99797	0.99878	0.99922
5.67	0.6818	0.99353	0.99611	0.99749	0.99799	0.9988	0.99922
5.68	0.6824	0.99357	0.99614	0.99751	0.998	0.99881	0.99922
5.69	0.683	0.99362	0.99617	0.99753	0.99802	0.99883	0.99922
5.7	0.6836	0.99367	0.9962	0.99754	0.99803	0.99884	0.99923
5.71	0.6842	0.99371	0.99623	0.99756	0.99805	0.99885	0.99923
5.72	0.6848	0.99376	0.99626	0.99758	0.99806	0.99887	0.99923
5.73	0.68539	0.99381	0.99629	0.99759	0.99808	0.99888	0.99923
5.74	0.68599	0.99385	0.99632	0.99761	0.9981	0.99889	0.99923
5.75	0.68658	0.9939	0.99634	0.99762	0.99811	0.99891	0.99923
5.76	0.68718	0.99394	0.99637	0.99764	0.99813	0.99892	0.99924
5.77	0.68777	0.99399	0.9964	0.99766	0.99814	0.99893	0.99924
5.78	0.68836	0.99403	0.99642	0.99767	0.99816	0.99894	0.99924
5.79	0.68895	0.99408	0.99645	0.99769	0.99817	0.99895	0.99924
5.8	0.68954	0.99412	0.99648	0.9977	0.99819	0.99896	0.99924
5.81	0.69013	0.99416	0.9965	0.99772	0.9982	0.99898	0.99925
5.82	0.69071	0.9942	0.99653	0.99774	0.99822	0.99899	0.99925
5.83	0.6913	0.99425	0.99655	0.99775	0.99823	0.999	0.99925
5.84	0.69188	0.99429	0.99658	0.99777	0.99825	0.99901	0.99925
5.85	0.69247	0.99433	0.9966	0.99778	0.99826	0.99902	0.99925
5.86	0.69305	0.99437	0.99663	0.9978	0.99828	0.99903	0.99926
5.87	0.69363	0.99441	0.99665	0.99782	0.99829	0.99904	0.99926
5.88	0.69421	0.99445	0.99668	0.99783	0.99831	0.99905	0.99926
5.89	0.69479	0.99449	0.9967	0.99785	0.99832	0.99906	0.99926
5.9	0.69537	0.99453	0.99673	0.99786	0.99834	0.99907	0.99927
5.91	0.69594	0.99457	0.99675	0.99788	0.99835	0.99907	0.99927
5.92	0.69652	0.99461	0.99677	0.99789	0.99837	0.99908	0.99927
5.93	0.69709	0.99465	0.9968	0.99791	0.99838	0.99909	0.99928
5.94	0.69767	0.99469	0.99682	0.99792	0.9984	0.9991	0.99928
5.95	0.69824	0.99473	0.99684	0.99794	0.99841	0.99911	0.99928
5.96	0.69881	0.99477	0.99687	0.99795	0.99843	0.99912	0.99929
5.97	0.69938	0.99481	0.99689	0.99797	0.99844	0.99912	0.99929
5.98	0.69995	0.99484	0.99691	0.99798	0.99846	0.99913	0.99929
5.99	0.70052	0.99488	0.99693	0.998	0.99847	0.99914	0.9993
6	0.70108	0.99492	0.99696	0.99801	0.99848	0.99915	0.9993
6.01	0.70165	0.99496	0.99698	0.99803	0.9985	0.99915	0.99931
6.02	0.70221	0.99499	0.997	0.99804	0.99851	0.99916	0.99931
6.03	0.70278	0.99503	0.99702	0.99806	0.99853	0.99917	0.99932
6.04	0.70334	0.99506	0.99704	0.99807	0.99854	0.99917	0.99932
6.05	0.7039	0.9951	0.99706	0.99809	0.99855	0.99918	0.99932
6.06	0.70446	0.99513	0.99708	0.9981	0.99857	0.99919	0.99933
6.07	0.70502	0.99517	0.9971	0.99812	0.99858	0.99919	0.99933
6.08	0.70558	0.9952	0.99713	0.99813	0.99859	0.9992	0.99934
6.09	0.70614	0.99524	0.99715	0.99815	0.99861	0.9992	0.99934
6.1	0.70669	0.99527	0.99717	0.99816	0.99862	0.99921	0.99935
6.11	0.70725	0.99531	0.99719	0.99818	0.99863	0.99922	0.99935
6.12	0.7078	0.99534	0.99721	0.99819	0.99865	0.99922	0.99936
6.13	0.70836	0.99537	0.99723	0.99821	0.99866	0.99923	0.99936
6.14	0.70891	0.99541	0.99725	0.99822	0.99867	0.99923	0.99937
6.15	0.70946	0.99544	0.99727	0.99823	0.99869	0.99924	0.99937
6.16	0.71001	0.99547	0.99729	0.99825	0.9987	0.99924	0.99938
6.17	0.71056	0.9955	0.99731	0.99826	0.99871	0.99925	0.99938
6.18	0.71111	0.99554	0.99732	0.99828	0.99872	0.99925	0.99939
6.19	0.71165	0.99557	0.99734	0.99829	0.99873	0.99926	0.9994
6.2	0.7122	0.9956	0.99736	0.9983	0.99875	0.99926	0.9994
6.21	0.71274	0.99563	0.99738	0.99832	0.99876	0.99927	0.99941
6.22	0.71329	0.99566	0.9974	0.99833	0.99877	0.99927	0.99941
6.23	0.71383	0.99569	0.99742	0.99834	0.99878	0.99928	0.99942
6.24	0.71437	0.99572	0.99744	0.99836	0.99879	0.99928	0.99942
6.25	0.71491	0.99575	0.99746	0.99837	0.9988	0.99929	0.99943
6.26	0.71545	0.99578	0.99747	0.99838	0.99882	0.99929	0.99944
6.27	0.71599	0.99581	0.99749	0.9984	0.99883	0.99929	0.99944
6.28	0.71653	0.99584	0.99751	0.99841	0.99884	0.9993	0.99945
6.29	0.71707	0.99587	0.99753	0.99842	0.99885	0.9993	0.99945
6.3	0.7176	0.9959	0.99755	0.99844	0.99886	0.99931	0.99946
6.31	0.71814	0.99593	0.99756	0.99845	0.99887	0.99931	0.99947
6.32	0.71867	0.99596	0.99758	0.99846	0.99888	0.99932	0.99947
6.33	0.7192	0.99599	0.9976	0.99848	0.99889	0.99932	0.99948
6.34	0.71973	0.99602	0.99762	0.99849	0.9989	0.99932	0.99948
6.35	0.72026	0.99605	0.99763	0.9985	0.99891	0.99933	0.99949
6.36	0.72079	0.99607	0.99765	0.99851	0.99892	0.99933	0.99949
6.37	0.72132	0.9961	0.99767	0.99853	0.99893	0.99934	0.9995
6.38	0.72185	0.99613	0.99768	0.99854	0.99894	0.99934	0.99951
6.39	0.72238	0.99616	0.9977	0.99855	0.99895	0.99934	0.99951
6.4	0.7229	0.99618	0.99772	0.99856	0.99896	0.99935	0.99952
6.41	0.72343	0.99621	0.99773	0.99858	0.99897	0.99935	0.99952
6.42	0.72395	0.99624	0.99775	0.99859	0.99898	0.99936	0.99953
6.43	0.72447	0.99626	0.99777	0.9986	0.99899	0.99936	0.99954
6.44	0.72499	0.99629	0.99778	0.99861	0.999	0.99937	0.99954
6.45	0.72551	0.99632	0.9978	0.99862	0.99901	0.99937	0.99955
6.46	0.72603	0.99634	0.99781	0.99864	0.99902	0.99937	0.99955
6.47	0.72655	0.99637	0.99783	0.99865	0.99903	0.99938	0.99956
6.48	0.72707	0.99639	0.99785	0.99866	0.99903	0.99938	0.99956
6.49	0.72759	0.99642	0.99786	0.99867	0.99904	0.99939	0.99957
6.5	0.7281	0.99644	0.99788	0.99868	0.99905	0.99939	0.99957
6.51	0.72862	0.99647	0.99789	0.99869	0.99906	0.99939	0.99958
6.52	0.72913	0.99649	0.99791	0.9987	0.99907	0.9994	0.99958
6.53	0.72964	0.99652	0.99792	0.99872	0.99908	0.9994	0.99959
6.54	0.73016	0.99654	0.99794	0.99873	0.99908	0.99941	0.99959
6.55	0.73067	0.99657	0.99795	0.99874	0.99909	0.99941	0.9996
6.56	0.73118	0.99659	0.99797	0.99875	0.9991	0.99941	0.9996
6.57	0.73169	0.99661	0.99798	0.99876	0.99911	0.99942	0.99961
6.58	0.73219	0.99664	0.998	0.99877	0.99912	0.99942	0.99961
6.59	0.7327	0.99666	0.99801	0.99878	0.99912	0.99943	0.99962
6.6	0.73321	0.99668	0.99803	0.99879	0.99913	0.99943	0.99962
6.61	0.73371	0.99671	0.99804	0.9988	0.99914	0.99943	0.99963
6.62	0.73421	0.99673	0.99806	0.99881	0.99915	0.99944	0.99963
6.63	0.73472	0.99675	0.99807	0.99882	0.99915	0.99944	0.99964
6.64	0.73522	0.99678	0.99809	0.99883	0.99916	0.99945	0.99964
6.65	0.73572	0.9968	0.9981	0.99884	0.99917	0.99945	0.99965
6.66	0.73622	0.99682	0.99812	0.99885	0.99917	0.99945	0.99965
6.67	0.73672	0.99684	0.99813	0.99886	0.99918	0.99946	0.99965
6.68	0.73722	0.99686	0.99814	0.99887	0.99919	0.99946	0.99966
6.69	0.73772	0.99689	0.99816	0.99888	0.99919	0.99947	0.99966
6.7	0.73821	0.99691	0.99817	0.99889	0.9992	0.99947	0.99967
6.71	0.73871	0.99693	0.99818	0.9989	0.99921	0.99948	0.99967
6.72	0.7392	0.99695	0.9982	0.99891	0.99921	0.99948	0.99967
6.73	0.7397	0.99697	0.99821	0.99892	0.99922	0.99948	0.99968
6.74	0.74019	0.99699	0.99823	0.99893	0.99923	0.99949	0.99968
6.75	0.74068	0.99701	0.99824	0.99894	0.99923	0.99949	0.99968
6.76	0.74117	0.99704	0.99825	0.99895	0.99924	0.9995	0.99969
6.77	0.74166	0.99706	0.99826	0.99895	0.99925	0.9995	0.99969
6.78	0.74215	0.99708	0.99828	0.99896	0.99925	0.9995	0.99969
6.79	0.74264	0.9971	0.99829	0.99897	0.99926	0.99951	0.9997
6.8	0.74313	0.99712	0.9983	0.99898	0.99926	0.99951	0.9997
6.81	0.74361	0.99714	0.99832	0.99899	0.99927	0.99952	0.9997
6.82	0.7441	0.99716	0.99833	0.999	0.99927	0.99952	0.99971
6.83	0.74458	0.99718	0.99834	0.99901	0.99928	0.99952	0.99971
6.84	0.74507	0.9972	0.99835	0.99901	0.99929	0.99953	0.99971
6.85	0.74555	0.99722	0.99837	0.99902	0.99929	0.99953	0.99972
6.86	0.74603	0.99724	0.99838	0.99903	0.9993	0.99954	0.99972
6.87	0.74651	0.99726	0.99839	0.99904	0.9993	0.99954	0.99972
6.88	0.74699	0.99727	0.9984	0.99905	0.99931	0.99955	0.99972
6.89	0.74747	0.99729	0.99842	0.99906	0.99931	0.99955	0.99973
6.9	0.74795	0.99731	0.99843	0.99906	0.99932	0.99955	0.99973
6.91	0.74842	0.99733	0.99844	0.99907	0.99932	0.99956	0.99973
6.92	0.7489	0.99735	0.99845	0.99908	0.99933	0.99956	0.99973
6.93	0.74938	0.99737	0.99846	0.99909	0.99933	0.99957	0.99974
6.94	0.74985	0.99739	0.99848	0.99909	0.99934	0.99957	0.99974
6.95	0.75032	0.9974	0.99849	0.9991	0.99934	0.99957	0.99974
6.96	0.7508	0.99742	0.9985	0.99911	0.99935	0.99958	0.99974
6.97	0.75127	0.99744	0.99851	0.99912	0.99935	0.99958	0.99975
6.98	0.75174	0.99746	0.99852	0.99912	0.99936	0.99958	0.99975
6.99	0.75221	0.99748	0.99853	0.99913	0.99936	0.99959	0.99975
7	0.75268	0.99749	0.99854	0.99914	0.99937	0.99959	0.99975
7.01	0.75315	0.99751	0.99856	0.99914	0.99937	0.9996	0.99975
7.02	0.75361	0.99753	0.99857	0.99915	0.99938	0.9996	0.99976
7.03	0.75408	0.99755	0.99858	0.99916	0.99938	0.9996	0.99976
7.04	0.75455	0.99756	0.99859	0.99917	0.99939	0.99961	0.99976
7.05	0.75501	0.99758	0.9986	0.99917	0.99939	0.99961	0.99976
7.06	0.75547	0.9976	0.99861	0.99918	0.9994	0.99962	0.99976
7.07	0.75594	0.99761	0.99862	0.99919	0.9994	0.99962	0.99976
7.08	0.7564	0.99763	0.99863	0.99919	0.99941	0.99962	0.99977
7.09	0.75686	0.99765	0.99864	0.9992	0.99941	0.99963	0.99977
7.1	0.75732	0.99766	0.99865	0.99921	0.99942	0.99963	0.99977
7.11	0.75778	0.99768	0.99866	0.99921	0.99942	0.99963	0.99977
7.12	0.75824	0.9977	0.99867	0.99922	0.99942	0.99964	0.99977
7.13	0.7587	0.99771	0.99868	0.99922	0.99943	0.99964	0.99977
7.14	0.75915	0.99773	0.99869	0.99923	0.99943	0.99964	0.99978
7.15	0.75961	0.99774	0.9987	0.99924	0.99944	0.99965	0.99978
7.16	0.76006	0.99776	0.99871	0.99924	0.99944	0.99965	0.99978
7.17	0.76052	0.99778	0.99872	0.99925	0.99945	0.99965	0.99978
7.18	0.76097	0.99779	0.99873	0.99925	0.99945	0.99966	0.99978
7.19	0.76142	0.99781	0.99874	0.99926	0.99945	0.99966	0.99978
7.2	0.76187	0.99782	0.99875	0.99927	0.99946	0.99966	0.99978
7.21	0.76233	0.99784	0.99876	0.99927	0.99946	0.99967	0.99979
7.22	0.76278	0.99785	0.99877	0.99928	0.99947	0.99967	0.99979
7.23	0.76322	0.99787	0.99878	0.99928	0.99947	0.99967	0.99979
7.24	0.76367	0.99788	0.99879	0.99929	0.99947	0.99968	0.99979
7.25	0.76412	0.9979	0.9988	0.99929	0.99948	0.99968	0.99979
7.26	0.76457	0.99791	0.99881	0.9993	0.99948	0.99968	0.99979
7.27	0.76501	0.99793	0.99882	0.99931	0.99949	0.99969	0.99979
7.28	0.76546	0.99794	0.99883	0.99931	0.99949	0.99969	0.9998
7.29	0.7659	0.99796	0.99884	0.99932	0.99949	0.99969	0.9998
7.3	0.76634	0.99797	0.99885	0.99932	0.9995	0.9997	0.9998
7.31	0.76679	0.99799	0.99885	0.99933	0.9995	0.9997	0.9998
7.32	0.76723	0.998	0.99886	0.99933	0.99951	0.9997	0.9998
7.33	0.76767	0.99801	0.99887	0.99934	0.99951	0.9997	0.9998
7.34	0.76811	0.99803	0.99888	0.99934	0.99951	0.99971	0.9998
7.35	0.76855	0.99804	0.99889	0.99935	0.99952	0.99971	0.99981
7.36	0.76899	0.99806	0.9989	0.99935	0.99952	0.99971	0.99981
7.37	0.76942	0.99807	0.99891	0.99936	0.99952	0.99972	0.99981
7.38	0.76986	0.99808	0.99892	0.99936	0.99953	0.99972	0.99981
7.39	0.77029	0.9981	0.99892	0.99937	0.99953	0.99972	0.99981
7.4	0.77073	0.99811	0.99893	0.99937	0.99954	0.99972	0.99981
7.41	0.77116	0.99812	0.99894	0.99938	0.99954	0.99973	0.99981
7.42	0.7716	0.99814	0.99895	0.99938	0.99954	0.99973	0.99981
7.43	0.77203	0.99815	0.99896	0.99939	0.99955	0.99973	0.99982
7.44	0.77246	0.99816	0.99896	0.99939	0.99955	0.99973	0.99982
7.45	0.77289	0.99818	0.99897	0.9994	0.99955	0.99974	0.99982
7.46	0.77332	0.99819	0.99898	0.9994	0.99956	0.99974	0.99982
7.47	0.77375	0.9982	0.99899	0.99941	0.99956	0.99974	0.99982
7.48	0.77418	0.99821	0.999	0.99941	0.99956	0.99974	0.99982
7.49	0.77461	0.99823	0.999	0.99942	0.99957	0.99975	0.99982
7.5	0.77503	0.99824	0.99901	0.99942	0.99957	0.99975	0.99982
7.51	0.77546	0.99825	0.99902	0.99942	0.99957	0.99975	0.99983
7.52	0.77588	0.99826	0.99903	0.99943	0.99958	0.99975	0.99983
7.53	0.77631	0.99828	0.99903	0.99943	0.99958	0.99976	0.99983
7.54	0.77673	0.99829	0.99904	0.99944	0.99958	0.99976	0.99983
7.55	0.77715	0.9983	0.99905	0.99944	0.99959	0.99976	0.99983
7.56	0.77758	0.99831	0.99906	0.99945	0.99959	0.99976	0.99983
7.57	0.778	0.99832	0.99906	0.99945	0.99959	0.99976	0.99983
7.58	0.77842	0.99834	0.99907	0.99945	0.9996	0.99977	0.99984
7.59	0.77884	0.99835	0.99908	0.99946	0.9996	0.99977	0.99984
7.6	0.77925	0.99836	0.99908	0.99946	0.9996	0.99977	0.99984
7.61	0.77967	0.99837	0.99909	0.99947	0.99961	0.99977	0.99984
7.62	0.78009	0.99838	0.9991	0.99947	0.99961	0.99977	0.99984
7.63	0.78051	0.99839	0.99911	0.99948	0.99961	0.99978	0.99984
7.64	0.78092	0.99841	0.99911	0.99948	0.99962	0.99978	0.99984
7.65	0.78134	0.99842	0.99912	0.99948	0.99962	0.99978	0.99984
7.66	0.78175	0.99843	0.99913	0.99949	0.99962	0.99978	0.99985
7.67	0.78216	0.99844	0.99913	0.99949	0.99963	0.99978	0.99985
7.68	0.78258	0.99845	0.99914	0.9995	0.99963	0.99979	0.99985
7.69	0.78299	0.99846	0.99915	0.9995	0.99963	0.99979	0.99985
7.7	0.7834	0.99847	0.99915	0.9995	0.99964	0.99979	0.99985
7.71	0.78381	0.99848	0.99916	0.99951	0.99964	0.99979	0.99985
7.72	0.78422	0.99849	0.99916	0.99951	0.99964	0.99979	0.99985
7.73	0.78463	0.9985	0.99917	0.99951	0.99964	0.99979	0.99986
7.74	0.78503	0.99852	0.99918	0.99952	0.99965	0.9998	0.99986
7.75	0.78544	0.99853	0.99918	0.99952	0.99965	0.9998	0.99986
7.76	0.78585	0.99854	0.99919	0.99953	0.99965	0.9998	0.99986
7.77	0.78625	0.99855	0.9992	0.99953	0.99966	0.9998	0.99986
7.78	0.78666	0.99856	0.9992	0.99953	0.99966	0.9998	0.99986
7.79	0.78706	0.99857	0.99921	0.99954	0.99966	0.9998	0.99986
7.8	0.78746	0.99858	0.99921	0.99954	0.99967	0.99981	0.99986
7.81	0.78786	0.99859	0.99922	0.99954	0.99967	0.99981	0.99987
7.82	0.78827	0.9986	0.99923	0.99955	0.99967	0.99981	0.99987
7.83	0.78867	0.99861	0.99923	0.99955	0.99967	0.99981	0.99987
7.84	0.78907	0.99862	0.99924	0.99955	0.99968	0.99981	0.99987
7.85	0.78947	0.99863	0.99924	0.99956	0.99968	0.99981	0.99987
7.86	0.78987	0.99864	0.99925	0.99956	0.99968	0.99982	0.99987
7.87	0.79026	0.99865	0.99926	0.99956	0.99968	0.99982	0.99987
7.88	0.79066	0.99866	0.99926	0.99957	0.99969	0.99982	0.99987
7.89	0.79106	0.99867	0.99927	0.99957	0.99969	0.99982	0.99988
7.9	0.79145	0.99868	0.99927	0.99957	0.99969	0.99982	0.99988
7.91	0.79185	0.99869	0.99928	0.99958	0.99969	0.99982	0.99988
7.92	0.79224	0.99869	0.99928	0.99958	0.9997	0.99982	0.99988
7.93	0.79263	0.9987	0.99929	0.99958	0.9997	0.99983	0.99988
7.94	0.79303	0.99871	0.99929	0.99959	0.9997	0.99983	0.99988
7.95	0.79342	0.99872	0.9993	0.99959	0.99971	0.99983	0.99988
7.96	0.79381	0.99873	0.9993	0.99959	0.99971	0.99983	0.99988
7.97	0.7942	0.99874	0.99931	0.9996	0.99971	0.99983	0.99989
7.98	0.79459	0.99875	0.99931	0.9996	0.99971	0.99983	0.99989
7.99	0.79498	0.99876	0.99932	0.9996	0.99972	0.99983	0.99989
8	0.79537	0.99877	0.99933	0.99961	0.99972	0.99983	0.99989
8.01	0.79575	0.99878	0.99933	0.99961	0.99972	0.99984	0.99989
8.02	0.79614	0.99878	0.99934	0.99961	0.99972	0.99984	0.99989
8.03	0.79653	0.99879	0.99934	0.99962	0.99972	0.99984	0.99989
8.04	0.79691	0.9988	0.99935	0.99962	0.99973	0.99984	0.99989
8.05	0.79729	0.99881	0.99935	0.99962	0.99973	0.99984	0.99989
8.06	0.79768	0.99882	0.99936	0.99963	0.99973	0.99984	0.9999
8.07	0.79806	0.99883	0.99936	0.99963	0.99973	0.99984	0.9999
8.08	0.79844	0.99884	0.99936	0.99963	0.99974	0.99985	0.9999
8.09	0.79883	0.99884	0.99937	0.99963	0.99974	0.99985	0.9999
8.1	0.79921	0.99885	0.99937	0.99964	0.99974	0.99985	0.9999
8.11	0.79959	0.99886	0.99938	0.99964	0.99974	0.99985	0.9999
8.12	0.79997	0.99887	0.99938	0.99964	0.99975	0.99985	0.9999
8.13	0.80034	0.99888	0.99939	0.99965	0.99975	0.99985	0.9999
8.14	0.80072	0.99888	0.99939	0.99965	0.99975	0.99985	0.9999
8.15	0.8011	0.99889	0.9994	0.99965	0.99975	0.99985	0.9999
8.16	0.80148	0.9989	0.9994	0.99965	0.99975	0.99985	0.99991
8.17	0.80185	0.99891	0.99941	0.99966	0.99976	0.99986	0.99991
8.18	0.80223	0.99892	0.99941	0.99966	0.99976	0.99986	0.99991
8.19	0.8026	0.99892	0.99942	0.99966	0.99976	0.99986	0.99991
8.2	0.80297	0.99893	0.99942	0.99966	0.99976	0.99986	0.99991
8.21	0.80335	0.99894	0.99942	0.99967	0.99976	0.99986	0.99991
8.22	0.80372	0.99895	0.99943	0.99967	0.99977	0.99986	0.99991
8.23	0.80409	0.99895	0.99943	0.99967	0.99977	0.99986	0.99991
8.24	0.80446	0.99896	0.99944	0.99968	0.99977	0.99986	0.99991
8.25	0.80483	0.99897	0.99944	0.99968	0.99977	0.99986	0.99991
8.26	0.8052	0.99898	0.99945	0.99968	0.99977	0.99987	0.99991
8.27	0.80557	0.99898	0.99945	0.99968	0.99978	0.99987	0.99991
8.28	0.80594	0.99899	0.99945	0.99969	0.99978	0.99987	0.99992
8.29	0.80631	0.999	0.99946	0.99969	0.99978	0.99987	0.99992
8.3	0.80667	0.999	0.99946	0.99969	0.99978	0.99987	0.99992
8.31	0.80704	0.99901	0.99947	0.99969	0.99978	0.99987	0.99992
8.32	0.8074	0.99902	0.99947	0.9997	0.99978	0.99987	0.99992
8.33	0.80777	0.99903	0.99947	0.9997	0.99979	0.99987	0.99992
8.34	0.80813	0.99903	0.99948	0.9997	0.99979	0.99987	0.99992
8.35	0.8085	0.99904	0.99948	0.9997	0.99979	0.99988	0.99992
8.36	0.80886	0.99905	0.99949	0.99971	0.99979	0.99988	0.99992
8.37	0.80922	0.99905	0.99949	0.99971	0.99979	0.99988	0.99992
8.38	0.80958	0.99906	0.99949	0.99971	0.9998	0.99988	0.99992
8.39	0.80994	0.99907	0.9995	0.99971	0.9998	0.99988	0.99992
8.4	0.8103	0.99907	0.9995	0.99971	0.9998	0.99988	0.99992
8.41	0.81066	0.99908	0.9995	0.99972	0.9998	0.99988	0.99993
8.42	0.81102	0.99909	0.99951	0.99972	0.9998	0.99988	0.99993
8.43	0.81138	0.99909	0.99951	0.99972	0.9998	0.99988	0.99993
8.44	0.81173	0.9991	0.99952	0.99972	0.99981	0.99988	0.99993
8.45	0.81209	0.99911	0.99952	0.99973	0.99981	0.99989	0.99993
8.46	0.81245	0.99911	0.99952	0.99973	0.99981	0.99989	0.99993
8.47	0.8128	0.99912	0.99953	0.99973	0.99981	0.99989	0.99993
8.48	0.81315	0.99912	0.99953	0.99973	0.99981	0.99989	0.99993
8.49	0.81351	0.99913	0.99953	0.99973	0.99981	0.99989	0.99993
8.5	0.81386	0.99914	0.99954	0.99974	0.99982	0.99989	0.99993
8.51	0.81421	0.99914	0.99954	0.99974	0.99982	0.99989	0.99993
8.52	0.81457	0.99915	0.99954	0.99974	0.99982	0.99989	0.99993
8.53	0.81492	0.99915	0.99955	0.99974	0.99982	0.99989	0.99993
8.54	0.81527	0.99916	0.99955	0.99975	0.99982	0.99989	0.99993
8.55	0.81562	0.99917	0.99955	0.99975	0.99982	0.99989	0.99993
8.56	0.81597	0.99917	0.99956	0.99975	0.99982	0.9999	0.99993
8.57	0.81631	0.99918	0.99956	0.99975	0.99983	0.9999	0.99994
8.58	0.81666	0.99918	0.99956	0.99975	0.99983	0.9999	0.99994
8.59	0.81701	0.99919	0.99957	0.99976	0.99983	0.9999	0.99994
8.6	0.81735	0.9992	0.99957	0.99976	0.99983	0.9999	0.99994
8.61	0.8177	0.9992	0.99957	0.99976	0.99983	0.9999	0.99994
8.62	0.81805	0.99921	0.99958	0.99976	0.99983	0.9999	0.99994
8.63	0.81839	0.99921	0.99958	0.99976	0.99983	0.9999	0.99994
8.64	0.81873	0.99922	0.99958	0.99977	0.99984	0.9999	0.99994
8.65	0.81908	0.99922	0.99959	0.99977	0.99984	0.9999	0.99994
8.66	0.81942	0.99923	0.99959	0.99977	0.99984	0.9999	0.99994
8.67	0.81976	0.99923	0.99959	0.99977	0.99984	0.99991	0.99994
8.68	0.8201	0.99924	0.9996	0.99977	0.99984	0.99991	0.99994
8.69	0.82044	0.99925	0.9996	0.99977	0.99984	0.99991	0.99994
8.7	0.82078	0.99925	0.9996	0.99978	0.99984	0.99991	0.99994
8.71	0.82112	0.99926	0.9996	0.99978	0.99984	0.99991	0.99994
8.72	0.82146	0.99926	0.99961	0.99978	0.99985	0.99991	0.99994
8.73	0.8218	0.99927	0.99961	0.99978	0.99985	0.99991	0.99994
8.74	0.82214	0.99927	0.99961	0.99978	0.99985	0.99991	0.99994
8.75	0.82247	0.99928	0.99962	0.99979	0.99985	0.99991	0.99994
8.76	0.82281	0.99928	0.99962	0.99979	0.99985	0.99991	0.99994
8.77	0.82314	0.99929	0.99962	0.99979	0.99985	0.99991	0.99994
8.78	0.82348	0.99929	0.99963	0.99979	0.99985	0.99991	0.99995
8.79	0.82381	0.9993	0.99963	0.99979	0.99985	0.99991	0.99995
8.8	0.82415	0.9993	0.99963	0.99979	0.99986	0.99992	0.99995
8.81	0.82448	0.99931	0.99963	0.9998	0.99986	0.99992	0.99995
8.82	0.82481	0.99931	0.99964	0.9998	0.99986	0.99992	0.99995
8.83	0.82514	0.99932	0.99964	0.9998	0.99986	0.99992	0.99995
8.84	0.82547	0.99932	0.99964	0.9998	0.99986	0.99992	0.99995
8.85	0.8258	0.99933	0.99964	0.9998	0.99986	0.99992	0.99995
8.86	0.82613	0.99933	0.99965	0.9998	0.99986	0.99992	0.99995
8.87	0.82646	0.99934	0.99965	0.99981	0.99986	0.99992	0.99995
8.88	0.82679	0.99934	0.99965	0.99981	0.99986	0.99992	0.99995
8.89	0.82712	0.99935	0.99966	0.99981	0.99987	0.99992	0.99995
8.9	0.82745	0.99935	0.99966	0.99981	0.99987	0.99992	0.99995
8.91	0.82777	0.99935	0.99966	0.99981	0.99987	0.99992	0.99995
8.92	0.8281	0.99936	0.99966	0.99981	0.99987	0.99992	0.99995
8.93	0.82842	0.99936	0.99967	0.99981	0.99987	0.99992	0.99995
8.94	0.82875	0.99937	0.99967	0.99982	0.99987	0.99993	0.99995
8.95	0.82907	0.99937	0.99967	0.99982	0.99987	0.99993	0.99995
8.96	0.8294	0.99938	0.99967	0.99982	0.99987	0.99993	0.99995
8.97	0.82972	0.99938	0.99968	0.99982	0.99987	0.99993	0.99995
8.98	0.83004	0.99939	0.99968	0.99982	0.99988	0.99993	0.99995
8.99	0.83036	0.99939	0.99968	0.99982	0.99988	0.99993	0.99995
9	0.83068	0.99939	0.99968	0.99982	0.99988	0.99993	0.99995
9.01	0.83101	0.9994	0.99969	0.99983	0.99988	0.99993	0.99995
9.02	0.83133	0.9994	0.99969	0.99983	0.99988	0.99993	0.99996
9.03	0.83164	0.99941	0.99969	0.99983	0.99988	0.99993	0.99996
9.04	0.83196	0.99941	0.99969	0.99983	0.99988	0.99993	0.99996
9.05	0.83228	0.99942	0.99969	0.99983	0.99988	0.99993	0.99996
9.06	0.8326	0.99942	0.9997	0.99983	0.99988	0.99993	0.99996
9.07	0.83292	0.99942	0.9997	0.99983	0.99988	0.99993	0.99996
9.08	0.83323	0.99943	0.9997	0.99984	0.99988	0.99993	0.99996
9.09	0.83355	0.99943	0.9997	0.99984	0.99989	0.99993	0.99996
9.1	0.83386	0.99944	0.99971	0.99984	0.99989	0.99994	0.99996
9.11	0.83418	0.99944	0.99971	0.99984	0.99989	0.99994	0.99996
9.12	0.83449	0.99944	0.99971	0.99984	0.99989	0.99994	0.99996
9.13	0.8348	0.99945	0.99971	0.99984	0.99989	0.99994	0.99996
9.14	0.83512	0.99945	0.99971	0.99984	0.99989	0.99994	0.99996
9.15	0.83543	0.99946	0.99972	0.99984	0.99989	0.99994	0.99996
9.16	0.83574	0.99946	0.99972	0.99985	0.99989	0.99994	0.99996
9.17	0.83605	0.99946	0.99972	0.99985	0.99989	0.99994	0.99996
9.18	0.83636	0.99947	0.99972	0.99985	0.99989	0.99994	0.99996
9.19	0.83667	0.99947	0.99973	0.99985	0.99989	0.99994	0.99996
9.2	0.83698	0.99947	0.99973	0.99985	0.9999	0.99994	0.99996
9.21	0.83729	0.99948	0.99973	0.99985	0.9999	0.99994	0.99996
9.22	0.8376	0.99948	0.99973	0.99985	0.9999	0.99994	0.99996
9.23	0.8379	0.99949	0.99973	0.99985	0.9999	0.99994	0.99996
9.24	0.83821	0.99949	0.99974	0.99986	0.9999	0.99994	0.99996
9.25	0.83852	0.99949	0.99974	0.99986	0.9999	0.99994	0.99996
9.26	0.83882	0.9995	0.99974	0.99986	0.9999	0.99994	0.99996
9.27	0.83913	0.9995	0.99974	0.99986	0.9999	0.99994	0.99996
9.28	0.83943	0.9995	0.99974	0.99986	0.9999	0.99994	0.99996
9.29	0.83974	0.99951	0.99975	0.99986	0.9999	0.99995	0.99996
9.3	0.84004	0.99951	0.99975	0.99986	0.9999	0.99995	0.99996
9.31	0.84034	0.99951	0.99975	0.99986	0.9999	0.99995	0.99997
9.32	0.84065	0.99952	0.99975	0.99986	0.99991	0.99995	0.99997
9.33	0.84095	0.99952	0.99975	0.99987	0.99991	0.99995	0.99997
9.34	0.84125	0.99952	0.99976	0.99987	0.99991	0.99995	0.99997
9.35	0.84155	0.99953	0.99976	0.99987	0.99991	0.99995	0.99997
9.36	0.84185	0.99953	0.99976	0.99987	0.99991	0.99995	0.99997
9.37	0.84215	0.99953	0.99976	0.99987	0.99991	0.99995	0.99997
9.38	0.84245	0.99954	0.99976	0.99987	0.99991	0.99995	0.99997
9.39	0.84274	0.99954	0.99976	0.99987	0.99991	0.99995	0.99997
9.4	0.84304	0.99954	0.99977	0.99987	0.99991	0.99995	0.99997
9.41	0.84334	0.99955	0.99977	0.99987	0.99991	0.99995	0.99997
9.42	0.84364	0.99955	0.99977	0.99987	0.99991	0.99995	0.99997
9.43	0.84393	0.99955	0.99977	0.99988	0.99991	0.99995	0.99997
9.44	0.84423	0.99956	0.99977	0.99988	0.99991	0.99995	0.99997
9.45	0.84452	0.99956	0.99977	0.99988	0.99991	0.99995	0.99997
9.46	0.84482	0.99956	0.99978	0.99988	0.99992	0.99995	0.99997
9.47	0.84511	0.99957	0.99978	0.99988	0.99992	0.99995	0.99997
9.48	0.8454	0.99957	0.99978	0.99988	0.99992	0.99995	0.99997
9.49	0.8457	0.99957	0.99978	0.99988	0.99992	0.99995	0.99997
9.5	0.84599	0.99958	0.99978	0.99988	0.99992	0.99995	0.99997
9.51	0.84628	0.99958	0.99978	0.99988	0.99992	0.99995	0.99997
9.52	0.84657	0.99958	0.99979	0.99988	0.99992	0.99996	0.99997
9.53	0.84686	0.99958	0.99979	0.99989	0.99992	0.99996	0.99997
9.54	0.84715	0.99959	0.99979	0.99989	0.99992	0.99996	0.99997
9.55	0.84744	0.99959	0.99979	0.99989	0.99992	0.99996	0.99997
9.56	0.84773	0.99959	0.99979	0.99989	0.99992	0.99996	0.99997
9.57	0.84802	0.9996	0.99979	0.99989	0.99992	0.99996	0.99997
9.58	0.84831	0.9996	0.9998	0.99989	0.99992	0.99996	0.99997
9.59	0.84859	0.9996	0.9998	0.99989	0.99992	0.99996	0.99997
9.6	0.84888	0.9996	0.9998	0.99989	0.99992	0.99996	0.99997
9.61	0.84916	0.99961	0.9998	0.99989	0.99993	0.99996	0.99997
9.62	0.84945	0.99961	0.9998	0.99989	0.99993	0.99996	0.99997
9.63	0.84974	0.99961	0.9998	0.99989	0.99993	0.99996	0.99997
9.64	0.85002	0.99962	0.99981	0.99989	0.99993	0.99996	0.99997
9.65	0.8503	0.99962	0.99981	0.9999	0.99993	0.99996	0.99997
9.66	0.85059	0.99962	0.99981	0.9999	0.99993	0.99996	0.99997
9.67	0.85087	0.99962	0.99981	0.9999	0.99993	0.99996	0.99997
9.68	0.85115	0.99963	0.99981	0.9999	0.99993	0.99996	0.99998
9.69	0.85143	0.99963	0.99981	0.9999	0.99993	0.99996	0.99998
9.7	0.85171	0.99963	0.99981	0.9999	0.99993	0.99996	0.99998
9.71	0.852	0.99963	0.99982	0.9999	0.99993	0.99996	0.99998
9.72	0.85228	0.99964	0.99982	0.9999	0.99993	0.99996	0.99998
9.73	0.85256	0.99964	0.99982	0.9999	0.99993	0.99996	0.99998
9.74	0.85283	0.99964	0.99982	0.9999	0.99993	0.99996	0.99998
9.75	0.85311	0.99964	0.99982	0.9999	0.99993	0.99996	0.99998
9.76	0.85339	0.99965	0.99982	0.9999	0.99993	0.99996	0.99998
9.77	0.85367	0.99965	0.99982	0.99991	0.99993	0.99996	0.99998
9.78	0.85395	0.99965	0.99982	0.99991	0.99994	0.99996	0.99998
9.79	0.85422	0.99965	0.99983	0.99991	0.99994	0.99996	0.99998
9.8	0.8545	0.99966	0.99983	0.99991	0.99994	0.99996	0.99998
9.81	0.85477	0.99966	0.99983	0.99991	0.99994	0.99996	0.99998
9.82	0.85505	0.99966	0.99983	0.99991	0.99994	0.99997	0.99998
9.83	0.85532	0.99966	0.99983	0.99991	0.99994	0.99997	0.99998
9.84	0.8556	0.99967	0.99983	0.99991	0.99994	0.99997	0.99998
9.85	0.85587	0.99967	0.99983	0.99991	0.99994	0.99997	0.99998
9.86	0.85614	0.99967	0.99984	0.99991	0.99994	0.99997	0.99998
9.87	0.85641	0.99967	0.99984	0.99991	0.99994	0.99997	0.99998
9.88	0.85669	0.99968	0.99984	0.99991	0.99994	0.99997	0.99998
9.89	0.85696	0.99968	0.99984	0.99991	0.99994	0.99997	0.99998
9.9	0.85723	0.99968	0.99984	0.99991	0.99994	0.99997	0.99998
9.91	0.8575	0.99968	0.99984	0.99992	0.99994	0.99997	0.99998
9.92	0.85777	0.99968	0.99984	0.99992	0.99994	0.99997	0.99998
9.93	0.85804	0.99969	0.99984	0.99992	0.99994	0.99997	0.99998
9.94	0.85831	0.99969	0.99984	0.99992	0.99994	0.99997	0.99998
9.95	0.85857	0.99969	0.99985	0.99992	0.99994	0.99997	0.99998
9.96	0.85884	0.99969	0.99985	0.99992	0.99994	0.99997	0.99998
9.97	0.85911	0.9997	0.99985	0.99992	0.99994	0.99997	0.99998
9.98	0.85938	0.9997	0.99985	0.99992	0.99995	0.99997	0.99998
9.99	0.85964	0.9997	0.99985	0.99992	0.99995	0.99997	0.99998
10	0.85991	0.9997	0.99985	0.99992	0.99995	0.99997	0.99998
10.01	0.86017	0.9997	0.99985	0.99992	0.99995	0.99997	0.99998
10.02	0.86044	0.99971	0.99985	0.99992	0.99995	0.99997	0.99998
10.03	0.8607	0.99971	0.99986	0.99992	0.99995	0.99997	0.99998
10.04	0.86097	0.99971	0.99986	0.99992	0.99995	0.99997	0.99998
10.05	0.86123	0.99971	0.99986	0.99992	0.99995	0.99997	0.99998
10.06	0.86149	0.99971	0.99986	0.99992	0.99995	0.99997	0.99998
10.07	0.86175	0.99972	0.99986	0.99993	0.99995	0.99997	0.99998
10.08	0.86202	0.99972	0.99986	0.99993	0.99995	0.99997	0.99998
10.09	0.86228	0.99972	0.99986	0.99993	0.99995	0.99997	0.99998
10.1	0.86254	0.99972	0.99986	0.99993	0.99995	0.99997	0.99998
10.11	0.8628	0.99972	0.99986	0.99993	0.99995	0.99997	0.99998
10.12	0.86306	0.99973	0.99986	0.99993	0.99995	0.99997	0.99998
10.13	0.86332	0.99973	0.99987	0.99993	0.99995	0.99997	0.99998
10.14	0.86358	0.99973	0.99987	0.99993	0.99995	0.99997	0.99998
10.15	0.86383	0.99973	0.99987	0.99993	0.99995	0.99997	0.99998
10.16	0.86409	0.99973	0.99987	0.99993	0.99995	0.99997	0.99998
10.17	0.86435	0.99974	0.99987	0.99993	0.99995	0.99997	0.99998
10.18	0.86461	0.99974	0.99987	0.99993	0.99995	0.99997	0.99998
10.19	0.86486	0.99974	0.99987	0.99993	0.99995	0.99997	0.99998
10.2	0.86512	0.99974	0.99987	0.99993	0.99995	0.99997	0.99998
10.21	0.86537	0.99974	0.99987	0.99993	0.99995	0.99997	0.99998
10.22	0.86563	0.99975	0.99987	0.99993	0.99995	0.99998	0.99998
10.23	0.86588	0.99975	0.99988	0.99993	0.99996	0.99998	0.99998
10.24	0.86614	0.99975	0.99988	0.99993	0.99996	0.99998	0.99998
10.25	0.86639	0.99975	0.99988	0.99994	0.99996	0.99998	0.99999
10.26	0.86664	0.99975	0.99988	0.99994	0.99996	0.99998	0.99999
10.27	0.86689	0.99975	0.99988	0.99994	0.99996	0.99998	0.99999
10.28	0.86715	0.99976	0.99988	0.99994	0.99996	0.99998	0.99999
10.29	0.8674	0.99976	0.99988	0.99994	0.99996	0.99998	0.99999
10.3	0.86765	0.99976	0.99988	0.99994	0.99996	0.99998	0.99999
10.31	0.8679	0.99976	0.99988	0.99994	0.99996	0.99998	0.99999
10.32	0.86815	0.99976	0.99988	0.99994	0.99996	0.99998	0.99999
10.33	0.8684	0.99976	0.99988	0.99994	0.99996	0.99998	0.99999
10.34	0.86865	0.99977	0.99989	0.99994	0.99996	0.99998	0.99999
10.35	0.8689	0.99977	0.99989	0.99994	0.99996	0.99998	0.99999
10.36	0.86915	0.99977	0.99989	0.99994	0.99996	0.99998	0.99999
10.37	0.86939	0.99977	0.99989	0.99994	0.99996	0.99998	0.99999
10.38	0.86964	0.99977	0.99989	0.99994	0.99996	0.99998	0.99999
10.39	0.86989	0.99977	0.99989	0.99994	0.99996	0.99998	0.99999
10.4	0.87013	0.99978	0.99989	0.99994	0.99996	0.99998	0.99999
10.41	0.87038	0.99978	0.99989	0.99994	0.99996	0.99998	0.99999
10.42	0.87062	0.99978	0.99989	0.99994	0.99996	0.99998	0.99999
10.43	0.87087	0.99978	0.99989	0.99994	0.99996	0.99998	0.99999
10.44	0.87111	0.99978	0.99989	0.99994	0.99996	0.99998	0.99999
10.45	0.87136	0.99978	0.99989	0.99994	0.99996	0.99998	0.99999
10.46	0.8716	0.99979	0.9999	0.99995	0.99996	0.99998	0.99999
10.47	0.87184	0.99979	0.9999	0.99995	0.99996	0.99998	0.99999
10.48	0.87209	0.99979	0.9999	0.99995	0.99996	0.99998	0.99999
10.49	0.87233	0.99979	0.9999	0.99995	0.99996	0.99998	0.99999
10.5	0.87257	0.99979	0.9999	0.99995	0.99996	0.99998	0.99999
10.51	0.87281	0.99979	0.9999	0.99995	0.99996	0.99998	0.99999
10.52	0.87305	0.99979	0.9999	0.99995	0.99996	0.99998	0.99999
10.53	0.87329	0.9998	0.9999	0.99995	0.99997	0.99998	0.99999
10.54	0.87353	0.9998	0.9999	0.99995	0.99997	0.99998	0.99999
10.55	0.87377	0.9998	0.9999	0.99995	0.99997	0.99998	0.99999
10.56	0.87401	0.9998	0.9999	0.99995	0.99997	0.99998	0.99999
10.57	0.87425	0.9998	0.9999	0.99995	0.99997	0.99998	0.99999
10.58	0.87449	0.9998	0.9999	0.99995	0.99997	0.99998	0.99999
10.59	0.87472	0.9998	0.99991	0.99995	0.99997	0.99998	0.99999
10.6	0.87496	0.99981	0.99991	0.99995	0.99997	0.99998	0.99999
10.61	0.8752	0.99981	0.99991	0.99995	0.99997	0.99998	0.99999
10.62	0.87543	0.99981	0.99991	0.99995	0.99997	0.99998	0.99999
10.63	0.87567	0.99981	0.99991	0.99995	0.99997	0.99998	0.99999
10.64	0.87591	0.99981	0.99991	0.99995	0.99997	0.99998	0.99999
10.65	0.87614	0.99981	0.99991	0.99995	0.99997	0.99998	0.99999
10.66	0.87638	0.99981	0.99991	0.99995	0.99997	0.99998	0.99999
10.67	0.87661	0.99982	0.99991	0.99995	0.99997	0.99998	0.99999
10.68	0.87684	0.99982	0.99991	0.99995	0.99997	0.99998	0.99999
10.69	0.87708	0.99982	0.99991	0.99995	0.99997	0.99998	0.99999
10.7	0.87731	0.99982	0.99991	0.99995	0.99997	0.99998	0.99999
10.71	0.87754	0.99982	0.99991	0.99996	0.99997	0.99998	0.99999
10.72	0.87777	0.99982	0.99991	0.99996	0.99997	0.99998	0.99999
10.73	0.878	0.99982	0.99991	0.99996	0.99997	0.99998	0.99999
10.74	0.87823	0.99982	0.99992	0.99996	0.99997	0.99998	0.99999
10.75	0.87847	0.99983	0.99992	0.99996	0.99997	0.99998	0.99999
10.76	0.8787	0.99983	0.99992	0.99996	0.99997	0.99998	0.99999
10.77	0.87893	0.99983	0.99992	0.99996	0.99997	0.99998	0.99999
10.78	0.87915	0.99983	0.99992	0.99996	0.99997	0.99998	0.99999
10.79	0.87938	0.99983	0.99992	0.99996	0.99997	0.99998	0.99999
10.8	0.87961	0.99983	0.99992	0.99996	0.99997	0.99998	0.99999
10.81	0.87984	0.99983	0.99992	0.99996	0.99997	0.99999	0.99999
10.82	0.88007	0.99983	0.99992	0.99996	0.99997	0.99999	0.99999
10.83	0.88029	0.99983	0.99992	0.99996	0.99997	0.99999	0.99999
10.84	0.88052	0.99984	0.99992	0.99996	0.99997	0.99999	0.99999
10.85	0.88075	0.99984	0.99992	0.99996	0.99997	0.99999	0.99999
10.86	0.88097	0.99984	0.99992	0.99996	0.99997	0.99999	0.99999
10.87	0.8812	0.99984	0.99992	0.99996	0.99997	0.99999	0.99999
10.88	0.88142	0.99984	0.99992	0.99996	0.99997	0.99999	0.99999
10.89	0.88165	0.99984	0.99992	0.99996	0.99997	0.99999	0.99999
10.9	0.88187	0.99984	0.99993	0.99996	0.99997	0.99999	0.99999
10.91	0.88209	0.99984	0.99993	0.99996	0.99997	0.99999	0.99999
10.92	0.88232	0.99985	0.99993	0.99996	0.99997	0.99999	0.99999
10.93	0.88254	0.99985	0.99993	0.99996	0.99997	0.99999	0.99999
10.94	0.88276	0.99985	0.99993	0.99996	0.99998	0.99999	0.99999
10.95	0.88298	0.99985	0.99993	0.99996	0.99998	0.99999	0.99999
10.96	0.88321	0.99985	0.99993	0.99996	0.99998	0.99999	0.99999
10.97	0.88343	0.99985	0.99993	0.99996	0.99998	0.99999	0.99999
10.98	0.88365	0.99985	0.99993	0.99996	0.99998	0.99999	0.99999
10.99	0.88387	0.99985	0.99993	0.99996	0.99998	0.99999	0.99999
11	0.88409	0.99985	0.99993	0.99996	0.99998	0.99999	0.99999
11.01	0.88431	0.99985	0.99993	0.99996	0.99998	0.99999	0.99999
11.02	0.88453	0.99986	0.99993	0.99997	0.99998	0.99999	0.99999
11.03	0.88474	0.99986	0.99993	0.99997	0.99998	0.99999	0.99999
11.04	0.88496	0.99986	0.99993	0.99997	0.99998	0.99999	0.99999
11.05	0.88518	0.99986	0.99993	0.99997	0.99998	0.99999	0.99999
11.06	0.8854	0.99986	0.99993	0.99997	0.99998	0.99999	0.99999
11.07	0.88561	0.99986	0.99993	0.99997	0.99998	0.99999	0.99999
11.08	0.88583	0.99986	0.99993	0.99997	0.99998	0.99999	0.99999
11.09	0.88605	0.99986	0.99994	0.99997	0.99998	0.99999	0.99999
11.1	0.88626	0.99986	0.99994	0.99997	0.99998	0.99999	0.99999
11.11	0.88648	0.99986	0.99994	0.99997	0.99998	0.99999	0.99999
11.12	0.88669	0.99987	0.99994	0.99997	0.99998	0.99999	0.99999
11.13	0.88691	0.99987	0.99994	0.99997	0.99998	0.99999	0.99999
11.14	0.88712	0.99987	0.99994	0.99997	0.99998	0.99999	0.99999
11.15	0.88734	0.99987	0.99994	0.99997	0.99998	0.99999	0.99999
11.16	0.88755	0.99987	0.99994	0.99997	0.99998	0.99999	0.99999
11.17	0.88776	0.99987	0.99994	0.99997	0.99998	0.99999	0.99999
11.18	0.88797	0.99987	0.99994	0.99997	0.99998	0.99999	0.99999
11.19	0.88819	0.99987	0.99994	0.99997	0.99998	0.99999	0.99999
11.2	0.8884	0.99987	0.99994	0.99997	0.99998	0.99999	0.99999
11.21	0.88861	0.99987	0.99994	0.99997	0.99998	0.99999	0.99999
11.22	0.88882	0.99987	0.99994	0.99997	0.99998	0.99999	0.99999
11.23	0.88903	0.99988	0.99994	0.99997	0.99998	0.99999	0.99999
11.24	0.88924	0.99988	0.99994	0.99997	0.99998	0.99999	0.99999
11.25	0.88945	0.99988	0.99994	0.99997	0.99998	0.99999	0.99999
11.26	0.88966	0.99988	0.99994	0.99997	0.99998	0.99999	0.99999
11.27	0.88987	0.99988	0.99994	0.99997	0.99998	0.99999	0.99999
11.28	0.89008	0.99988	0.99994	0.99997	0.99998	0.99999	0.99999
11.29	0.89028	0.99988	0.99994	0.99997	0.99998	0.99999	0.99999
11.3	0.89049	0.99988	0.99994	0.99997	0.99998	0.99999	0.99999
11.31	0.8907	0.99988	0.99995	0.99997	0.99998	0.99999	0.99999
11.32	0.89091	0.99988	0.99995	0.99997	0.99998	0.99999	0.99999
11.33	0.89111	0.99988	0.99995	0.99997	0.99998	0.99999	0.99999
11.34	0.89132	0.99989	0.99995	0.99997	0.99998	0.99999	0.99999
11.35	0.89152	0.99989	0.99995	0.99997	0.99998	0.99999	0.99999
11.36	0.89173	0.99989	0.99995	0.99997	0.99998	0.99999	0.99999
11.37	0.89194	0.99989	0.99995	0.99997	0.99998	0.99999	0.99999
11.38	0.89214	0.99989	0.99995	0.99997	0.99998	0.99999	0.99999
11.39	0.89234	0.99989	0.99995	0.99997	0.99998	0.99999	0.99999
11.4	0.89255	0.99989	0.99995	0.99997	0.99998	0.99999	0.99999
11.41	0.89275	0.99989	0.99995	0.99997	0.99998	0.99999	0.99999
11.42	0.89295	0.99989	0.99995	0.99997	0.99998	0.99999	0.99999
11.43	0.89316	0.99989	0.99995	0.99997	0.99998	0.99999	0.99999
11.44	0.89336	0.99989	0.99995	0.99998	0.99998	0.99999	0.99999
11.45	0.89356	0.99989	0.99995	0.99998	0.99998	0.99999	0.99999
11.46	0.89376	0.99989	0.99995	0.99998	0.99998	0.99999	0.99999
11.47	0.89396	0.9999	0.99995	0.99998	0.99998	0.99999	0.99999
11.48	0.89416	0.9999	0.99995	0.99998	0.99998	0.99999	0.99999
11.49	0.89436	0.9999	0.99995	0.99998	0.99998	0.99999	0.99999
11.5	0.89456	0.9999	0.99995	0.99998	0.99998	0.99999	1
11.51	0.89476	0.9999	0.99995	0.99998	0.99998	0.99999	1
11.52	0.89496	0.9999	0.99995	0.99998	0.99998	0.99999	1
11.53	0.89516	0.9999	0.99995	0.99998	0.99998	0.99999	1
11.54	0.89536	0.9999	0.99995	0.99998	0.99998	0.99999	1
11.55	0.89556	0.9999	0.99995	0.99998	0.99998	0.99999	1
11.56	0.89576	0.9999	0.99995	0.99998	0.99999	0.99999	1
11.57	0.89595	0.9999	0.99995	0.99998	0.99999	0.99999	1
11.58	0.89615	0.9999	0.99996	0.99998	0.99999	0.99999	1
11.59	0.89635	0.9999	0.99996	0.99998	0.99999	0.99999	1
11.6	0.89654	0.9999	0.99996	0.99998	0.99999	0.99999	1
11.61	0.89674	0.99991	0.99996	0.99998	0.99999	0.99999	1
11.62	0.89693	0.99991	0.99996	0.99998	0.99999	0.99999	1
11.63	0.89713	0.99991	0.99996	0.99998	0.99999	0.99999	1
11.64	0.89732	0.99991	0.99996	0.99998	0.99999	0.99999	1
11.65	0.89752	0.99991	0.99996	0.99998	0.99999	0.99999	1
11.66	0.89771	0.99991	0.99996	0.99998	0.99999	0.99999	1
11.67	0.89791	0.99991	0.99996	0.99998	0.99999	0.99999	1
11.68	0.8981	0.99991	0.99996	0.99998	0.99999	0.99999	1
11.69	0.89829	0.99991	0.99996	0.99998	0.99999	0.99999	1
11.7	0.89848	0.99991	0.99996	0.99998	0.99999	0.99999	1
11.71	0.89868	0.99991	0.99996	0.99998	0.99999	0.99999	1
11.72	0.89887	0.99991	0.99996	0.99998	0.99999	0.99999	1
11.73	0.89906	0.99991	0.99996	0.99998	0.99999	0.99999	1
11.74	0.89925	0.99991	0.99996	0.99998	0.99999	0.99999	1
11.75	0.89944	0.99991	0.99996	0.99998	0.99999	0.99999	1
11.76	0.89963	0.99991	0.99996	0.99998	0.99999	0.99999	1
11.77	0.89982	0.99992	0.99996	0.99998	0.99999	0.99999	1
11.78	0.90001	0.99992	0.99996	0.99998	0.99999	0.99999	1
11.79	0.9002	0.99992	0.99996	0.99998	0.99999	0.99999	1
11.8	0.90039	0.99992	0.99996	0.99998	0.99999	0.99999	1
11.81	0.90058	0.99992	0.99996	0.99998	0.99999	0.99999	1
11.82	0.90077	0.99992	0.99996	0.99998	0.99999	0.99999	1
11.83	0.90095	0.99992	0.99996	0.99998	0.99999	0.99999	1
11.84	0.90114	0.99992	0.99996	0.99998	0.99999	0.99999	1
11.85	0.90133	0.99992	0.99996	0.99998	0.99999	0.99999	1
11.86	0.90152	0.99992	0.99996	0.99998	0.99999	0.99999	1
11.87	0.9017	0.99992	0.99996	0.99998	0.99999	0.99999	1
11.88	0.90189	0.99992	0.99996	0.99998	0.99999	0.99999	1
11.89	0.90207	0.99992	0.99996	0.99998	0.99999	0.99999	1
11.9	0.90226	0.99992	0.99996	0.99998	0.99999	0.99999	1
11.91	0.90244	0.99992	0.99997	0.99998	0.99999	0.99999	1
11.92	0.90263	0.99992	0.99997	0.99998	0.99999	0.99999	1
11.93	0.90281	0.99992	0.99997	0.99998	0.99999	0.99999	1
11.94	0.903	0.99992	0.99997	0.99998	0.99999	0.99999	1
11.95	0.90318	0.99993	0.99997	0.99998	0.99999	0.99999	1
11.96	0.90336	0.99993	0.99997	0.99998	0.99999	0.99999	1
11.97	0.90355	0.99993	0.99997	0.99998	0.99999	0.99999	1
11.98	0.90373	0.99993	0.99997	0.99998	0.99999	0.99999	1
11.99	0.90391	0.99993	0.99997	0.99998	0.99999	0.99999	1
12	0.90409	0.99993	0.99997	0.99998	0.99999	0.99999	1
12.01	0.90428	0.99993	0.99997	0.99998	0.99999	0.99999	1
12.02	0.90446	0.99993	0.99997	0.99998	0.99999	0.99999	1
12.03	0.90464	0.99993	0.99997	0.99998	0.99999	0.99999	1
12.04	0.90482	0.99993	0.99997	0.99998	0.99999	0.99999	1
12.05	0.905	0.99993	0.99997	0.99998	0.99999	0.99999	1
12.06	0.90518	0.99993	0.99997	0.99998	0.99999	0.99999	1
12.07	0.90536	0.99993	0.99997	0.99998	0.99999	0.99999	1
12.08	0.90554	0.99993	0.99997	0.99999	0.99999	0.99999	1
12.09	0.90572	0.99993	0.99997	0.99999	0.99999	1	1
12.1	0.90589	0.99993	0.99997	0.99999	0.99999	1	1
12.11	0.90607	0.99993	0.99997	0.99999	0.99999	1	1
12.12	0.90625	0.99993	0.99997	0.99999	0.99999	1	1
12.13	0.90643	0.99993	0.99997	0.99999	0.99999	1	1
12.14	0.9066	0.99993	0.99997	0.99999	0.99999	1	1
12.15	0.90678	0.99994	0.99997	0.99999	0.99999	1	1
12.16	0.90696	0.99994	0.99997	0.99999	0.99999	1	1
12.17	0.90713	0.99994	0.99997	0.99999	0.99999	1	1
12.18	0.90731	0.99994	0.99997	0.99999	0.99999	1	1
12.19	0.90749	0.99994	0.99997	0.99999	0.99999	1	1
12.2	0.90766	0.99994	0.99997	0.99999	0.99999	1	1
12.21	0.90783	0.99994	0.99997	0.99999	0.99999	1	1
12.22	0.90801	0.99994	0.99997	0.99999	0.99999	1	1
12.23	0.90818	0.99994	0.99997	0.99999	0.99999	1	1
12.24	0.90836	0.99994	0.99997	0.99999	0.99999	1	1
12.25	0.90853	0.99994	0.99997	0.99999	0.99999	1	1
12.26	0.9087	0.99994	0.99997	0.99999	0.99999	1	1
12.27	0.90888	0.99994	0.99997	0.99999	0.99999	1	1
12.28	0.90905	0.99994	0.99997	0.99999	0.99999	1	1
12.29	0.90922	0.99994	0.99997	0.99999	0.99999	1	1
12.3	0.90939	0.99994	0.99997	0.99999	0.99999	1	1
12.31	0.90956	0.99994	0.99997	0.99999	0.99999	1	1
12.32	0.90974	0.99994	0.99997	0.99999	0.99999	1	1
12.33	0.90991	0.99994	0.99997	0.99999	0.99999	1	1
12.34	0.91008	0.99994	0.99997	0.99999	0.99999	1	1
12.35	0.91025	0.99994	0.99998	0.99999	0.99999	1	1
12.36	0.91042	0.99994	0.99998	0.99999	0.99999	1	1
12.37	0.91059	0.99994	0.99998	0.99999	0.99999	1	1
12.38	0.91076	0.99995	0.99998	0.99999	0.99999	1	1
12.39	0.91093	0.99995	0.99998	0.99999	0.99999	1	1
12.4	0.91109	0.99995	0.99998	0.99999	0.99999	1	1
12.41	0.91126	0.99995	0.99998	0.99999	0.99999	1	1
12.42	0.91143	0.99995	0.99998	0.99999	0.99999	1	1
12.43	0.9116	0.99995	0.99998	0.99999	0.99999	1	1
12.44	0.91176	0.99995	0.99998	0.99999	0.99999	1	1
12.45	0.91193	0.99995	0.99998	0.99999	0.99999	1	1
12.46	0.9121	0.99995	0.99998	0.99999	0.99999	1	1
12.47	0.91227	0.99995	0.99998	0.99999	0.99999	1	1
12.48	0.91243	0.99995	0.99998	0.99999	0.99999	1	1
12.49	0.9126	0.99995	0.99998	0.99999	0.99999	1	1
12.5	0.91276	0.99995	0.99998	0.99999	0.99999	1	1
12.51	0.91293	0.99995	0.99998	0.99999	0.99999	1	1
12.52	0.91309	0.99995	0.99998	0.99999	0.99999	1	1
12.53	0.91326	0.99995	0.99998	0.99999	0.99999	1	1
12.54	0.91342	0.99995	0.99998	0.99999	0.99999	1	1
12.55	0.91358	0.99995	0.99998	0.99999	0.99999	1	1
12.56	0.91375	0.99995	0.99998	0.99999	0.99999	1	1
12.57	0.91391	0.99995	0.99998	0.99999	0.99999	1	1
12.58	0.91407	0.99995	0.99998	0.99999	0.99999	1	1
12.59	0.91424	0.99995	0.99998	0.99999	0.99999	1	1
12.6	0.9144	0.99995	0.99998	0.99999	0.99999	1	1
12.61	0.91456	0.99995	0.99998	0.99999	0.99999	1	1
12.62	0.91472	0.99995	0.99998	0.99999	0.99999	1	1
12.63	0.91488	0.99995	0.99998	0.99999	0.99999	1	1
12.64	0.91505	0.99995	0.99998	0.99999	0.99999	1	1
12.65	0.91521	0.99995	0.99998	0.99999	0.99999	1	1
12.66	0.91537	0.99996	0.99998	0.99999	0.99999	1	1
12.67	0.91553	0.99996	0.99998	0.99999	0.99999	1	1
12.68	0.91569	0.99996	0.99998	0.99999	0.99999	1	1
12.69	0.91585	0.99996	0.99998	0.99999	0.99999	1	1
12.7	0.91601	0.99996	0.99998	0.99999	0.99999	1	1
12.71	0.91617	0.99996	0.99998	0.99999	0.99999	1	1
12.72	0.91632	0.99996	0.99998	0.99999	0.99999	1	1
12.73	0.91648	0.99996	0.99998	0.99999	0.99999	1	1
12.74	0.91664	0.99996	0.99998	0.99999	0.99999	1	1
12.75	0.9168	0.99996	0.99998	0.99999	0.99999	1	1
12.76	0.91696	0.99996	0.99998	0.99999	0.99999	1	1
12.77	0.91711	0.99996	0.99998	0.99999	0.99999	1	1
12.78	0.91727	0.99996	0.99998	0.99999	0.99999	1	1
12.79	0.91743	0.99996	0.99998	0.99999	0.99999	1	1
12.8	0.91758	0.99996	0.99998	0.99999	0.99999	1	1
12.81	0.91774	0.99996	0.99998	0.99999	0.99999	1	1
12.82	0.91789	0.99996	0.99998	0.99999	0.99999	1	1
12.83	0.91805	0.99996	0.99998	0.99999	0.99999	1	1
12.84	0.9182	0.99996	0.99998	0.99999	0.99999	1	1
12.85	0.91836	0.99996	0.99998	0.99999	0.99999	1	1
12.86	0.91851	0.99996	0.99998	0.99999	0.99999	1	1
12.87	0.91867	0.99996	0.99998	0.99999	0.99999	1	1
12.88	0.91882	0.99996	0.99998	0.99999	0.99999	1	1
12.89	0.91898	0.99996	0.99998	0.99999	1	1	1
12.9	0.91913	0.99996	0.99998	0.99999	1	1	1
12.91	0.91928	0.99996	0.99998	0.99999	1	1	1
12.92	0.91944	0.99996	0.99998	0.99999	1	1	1
12.93	0.91959	0.99996	0.99998	0.99999	1	1	1
12.94	0.91974	0.99996	0.99998	0.99999	1	1	1
12.95	0.91989	0.99996	0.99998	0.99999	1	1	1
12.96	0.92004	0.99996	0.99998	0.99999	1	1	1
12.97	0.92019	0.99996	0.99998	0.99999	1	1	1
12.98	0.92035	0.99996	0.99998	0.99999	1	1	1
12.99	0.9205	0.99996	0.99998	0.99999	1	1	1
13	0.92065	0.99996	0.99998	0.99999	1	1	1
13.01	0.9208	0.99996	0.99998	0.99999	1	1	1
13.02	0.92095	0.99997	0.99999	0.99999	1	1	1
13.03	0.9211	0.99997	0.99999	0.99999	1	1	1
13.04	0.92125	0.99997	0.99999	0.99999	1	1	1
13.05	0.9214	0.99997	0.99999	0.99999	1	1	1
13.06	0.92154	0.99997	0.99999	0.99999	1	1	1
13.07	0.92169	0.99997	0.99999	0.99999	1	1	1
13.08	0.92184	0.99997	0.99999	0.99999	1	1	1
13.09	0.92199	0.99997	0.99999	0.99999	1	1	1
13.1	0.92214	0.99997	0.99999	0.99999	1	1	1
13.11	0.92228	0.99997	0.99999	0.99999	1	1	1
13.12	0.92243	0.99997	0.99999	0.99999	1	1	1
13.13	0.92258	0.99997	0.99999	0.99999	1	1	1
13.14	0.92272	0.99997	0.99999	0.99999	1	1	1
13.15	0.92287	0.99997	0.99999	0.99999	1	1	1
13.16	0.92302	0.99997	0.99999	0.99999	1	1	1
13.17	0.92316	0.99997	0.99999	0.99999	1	1	1
13.18	0.92331	0.99997	0.99999	0.99999	1	1	1
13.19	0.92345	0.99997	0.99999	0.99999	1	1	1
13.2	0.9236	0.99997	0.99999	0.99999	1	1	1
13.21	0.92374	0.99997	0.99999	0.99999	1	1	1
13.22	0.92389	0.99997	0.99999	0.99999	1	1	1
13.23	0.92403	0.99997	0.99999	0.99999	1	1	1
13.24	0.92417	0.99997	0.99999	0.99999	1	1	1
13.25	0.92432	0.99997	0.99999	0.99999	1	1	1
13.26	0.92446	0.99997	0.99999	0.99999	1	1	1
13.27	0.9246	0.99997	0.99999	0.99999	1	1	1
13.28	0.92475	0.99997	0.99999	0.99999	1	1	1
13.29	0.92489	0.99997	0.99999	0.99999	1	1	1
13.3	0.92503	0.99997	0.99999	0.99999	1	1	1
13.31	0.92517	0.99997	0.99999	0.99999	1	1	1
13.32	0.92532	0.99997	0.99999	0.99999	1	1	1
13.33	0.92546	0.99997	0.99999	0.99999	1	1	1
13.34	0.9256	0.99997	0.99999	0.99999	1	1	1
13.35	0.92574	0.99997	0.99999	0.99999	1	1	1
13.36	0.92588	0.99997	0.99999	0.99999	1	1	1
13.37	0.92602	0.99997	0.99999	0.99999	1	1	1
13.38	0.92616	0.99997	0.99999	0.99999	1	1	1
13.39	0.9263	0.99997	0.99999	0.99999	1	1	1
13.4	0.92644	0.99997	0.99999	0.99999	1	1	1
13.41	0.92658	0.99997	0.99999	0.99999	1	1	1
13.42	0.92672	0.99997	0.99999	0.99999	1	1	1
13.43	0.92686	0.99997	0.99999	0.99999	1	1	1
13.44	0.92699	0.99997	0.99999	0.99999	1	1	1
13.45	0.92713	0.99997	0.99999	1	1	1	1
13.46	0.92727	0.99997	0.99999	1	1	1	1
13.47	0.92741	0.99997	0.99999	1	1	1	1
13.48	0.92755	0.99997	0.99999	1	1	1	1
13.49	0.92768	0.99998	0.99999	1	1	1	1
13.5	0.92782	0.99998	0.99999	1	1	1	1
13.51	0.92796	0.99998	0.99999	1	1	1	1
13.52	0.92809	0.99998	0.99999	1	1	1	1
13.53	0.92823	0.99998	0.99999	1	1	1	1
13.54	0.92836	0.99998	0.99999	1	1	1	1
13.55	0.9285	0.99998	0.99999	1	1	1	1
13.56	0.92864	0.99998	0.99999	1	1	1	1
13.57	0.92877	0.99998	0.99999	1	1	1	1
13.58	0.92891	0.99998	0.99999	1	1	1	1
13.59	0.92904	0.99998	0.99999	1	1	1	1
13.6	0.92917	0.99998	0.99999	1	1	1	1
13.61	0.92931	0.99998	0.99999	1	1	1	1
13.62	0.92944	0.99998	0.99999	1	1	1	1
13.63	0.92958	0.99998	0.99999	1	1	1	1
13.64	0.92971	0.99998	0.99999	1	1	1	1
13.65	0.92984	0.99998	0.99999	1	1	1	1
13.66	0.92997	0.99998	0.99999	1	1	1	1
13.67	0.93011	0.99998	0.99999	1	1	1	1
13.68	0.93024	0.99998	0.99999	1	1	1	1
13.69	0.93037	0.99998	0.99999	1	1	1	1
13.7	0.9305	0.99998	0.99999	1	1	1	1
13.71	0.93063	0.99998	0.99999	1	1	1	1
13.72	0.93077	0.99998	0.99999	1	1	1	1
13.73	0.9309	0.99998	0.99999	1	1	1	1
13.74	0.93103	0.99998	0.99999	1	1	1	1
13.75	0.93116	0.99998	0.99999	1	1	1	1
13.76	0.93129	0.99998	0.99999	1	1	1	1
13.77	0.93142	0.99998	0.99999	1	1	1	1
13.78	0.93155	0.99998	0.99999	1	1	1	1
13.79	0.93168	0.99998	0.99999	1	1	1	1
13.8	0.93181	0.99998	0.99999	1	1	1	1
13.81	0.93194	0.99998	0.99999	1	1	1	1
13.82	0.93207	0.99998	0.99999	1	1	1	1
13.83	0.93219	0.99998	0.99999	1	1	1	1
13.84	0.93232	0.99998	0.99999	1	1	1	1
13.85	0.93245	0.99998	0.99999	1	1	1	1
13.86	0.93258	0.99998	0.99999	1	1	1	1
13.87	0.93271	0.99998	0.99999	1	1	1	1
13.88	0.93283	0.99998	0.99999	1	1	1	1
13.89	0.93296	0.99998	0.99999	1	1	1	1
13.9	0.93309	0.99998	0.99999	1	1	1	1
13.91	0.93321	0.99998	0.99999	1	1	1	1
13.92	0.93334	0.99998	0.99999	1	1	1	1
13.93	0.93347	0.99998	0.99999	1	1	1	1
13.94	0.93359	0.99998	0.99999	1	1	1	1
13.95	0.93372	0.99998	0.99999	1	1	1	1
13.96	0.93384	0.99998	0.99999	1	1	1	1
13.97	0.93397	0.99998	0.99999	1	1	1	1
13.98	0.93409	0.99998	0.99999	1	1	1	1
13.99	0.93422	0.99998	0.99999	1	1	1	1
14	0.93434	0.99998	0.99999	1	1	1	1
14.01	0.93447	0.99998	0.99999	1	1	1	1
14.02	0.93459	0.99998	0.99999	1	1	1	1
14.03	0.93472	0.99998	0.99999	1	1	1	1
14.04	0.93484	0.99998	0.99999	1	1	1	1
14.05	0.93496	0.99998	0.99999	1	1	1	1
14.06	0.93509	0.99998	0.99999	1	1	1	1
14.07	0.93521	0.99998	0.99999	1	1	1	1
14.08	0.93533	0.99998	0.99999	1	1	1	1
14.09	0.93545	0.99998	0.99999	1	1	1	1
14.1	0.93558	0.99998	0.99999	1	1	1	1
14.11	0.9357	0.99998	0.99999	1	1	1	1
14.12	0.93582	0.99998	0.99999	1	1	1	1
14.13	0.93594	0.99998	0.99999	1	1	1	1
14.14	0.93606	0.99998	0.99999	1	1	1	1
14.15	0.93618	0.99998	0.99999	1	1	1	1
14.16	0.9363	0.99998	0.99999	1	1	1	1
14.17	0.93642	0.99998	0.99999	1	1	1	1
14.18	0.93654	0.99998	0.99999	1	1	1	1
14.19	0.93666	0.99998	0.99999	1	1	1	1
14.2	0.93678	0.99998	0.99999	1	1	1	1
14.21	0.9369	0.99999	0.99999	1	1	1	1
14.22	0.93702	0.99999	0.99999	1	1	1	1
14.23	0.93714	0.99999	0.99999	1	1	1	1
14.24	0.93726	0.99999	0.99999	1	1	1	1
14.25	0.93738	0.99999	0.99999	1	1	1	1
14.26	0.9375	0.99999	0.99999	1	1	1	1
14.27	0.93762	0.99999	0.99999	1	1	1	1
14.28	0.93774	0.99999	0.99999	1	1	1	1
14.29	0.93785	0.99999	0.99999	1	1	1	1
14.3	0.93797	0.99999	0.99999	1	1	1	1
14.31	0.93809	0.99999	0.99999	1	1	1	1
14.32	0.93821	0.99999	0.99999	1	1	1	1
14.33	0.93832	0.99999	0.99999	1	1	1	1
14.34	0.93844	0.99999	0.99999	1	1	1	1
14.35	0.93856	0.99999	0.99999	1	1	1	1
14.36	0.93867	0.99999	0.99999	1	1	1	1
14.37	0.93879	0.99999	0.99999	1	1	1	1
14.38	0.9389	0.99999	0.99999	1	1	1	1
14.39	0.93902	0.99999	0.99999	1	1	1	1
14.4	0.93914	0.99999	0.99999	1	1	1	1
14.41	0.93925	0.99999	0.99999	1	1	1	1
14.42	0.93937	0.99999	0.99999	1	1	1	1
14.43	0.93948	0.99999	0.99999	1	1	1	1
14.44	0.93959	0.99999	0.99999	1	1	1	1
14.45	0.93971	0.99999	0.99999	1	1	1	1
14.46	0.93982	0.99999	0.99999	1	1	1	1
14.47	0.93994	0.99999	1	1	1	1	1
14.48	0.94005	0.99999	1	1	1	1	1
14.49	0.94016	0.99999	1	1	1	1	1
14.5	0.94028	0.99999	1	1	1	1	1
14.51	0.94039	0.99999	1	1	1	1	1
14.52	0.9405	0.99999	1	1	1	1	1
14.53	0.94062	0.99999	1	1	1	1	1
14.54	0.94073	0.99999	1	1	1	1	1
14.55	0.94084	0.99999	1	1	1	1	1
14.56	0.94095	0.99999	1	1	1	1	1
14.57	0.94106	0.99999	1	1	1	1	1
14.58	0.94118	0.99999	1	1	1	1	1
14.59	0.94129	0.99999	1	1	1	1	1
14.6	0.9414	0.99999	1	1	1	1	1
14.61	0.94151	0.99999	1	1	1	1	1
14.62	0.94162	0.99999	1	1	1	1	1
14.63	0.94173	0.99999	1	1	1	1	1
14.64	0.94184	0.99999	1	1	1	1	1
14.65	0.94195	0.99999	1	1	1	1	1
14.66	0.94206	0.99999	1	1	1	1	1
14.67	0.94217	0.99999	1	1	1	1	1
14.68	0.94228	0.99999	1	1	1	1	1
14.69	0.94239	0.99999	1	1	1	1	1
14.7	0.9425	0.99999	1	1	1	1	1
14.71	0.94261	0.99999	1	1	1	1	1
14.72	0.94272	0.99999	1	1	1	1	1
14.73	0.94282	0.99999	1	1	1	1	1
14.74	0.94293	0.99999	1	1	1	1	1
14.75	0.94304	0.99999	1	1	1	1	1
14.76	0.94315	0.99999	1	1	1	1	1
14.77	0.94326	0.99999	1	1	1	1	1
14.78	0.94336	0.99999	1	1	1	1	1
14.79	0.94347	0.99999	1	1	1	1	1
14.8	0.94358	0.99999	1	1	1	1	1
14.81	0.94368	0.99999	1	1	1	1	1
14.82	0.94379	0.99999	1	1	1	1	1
14.83	0.9439	0.99999	1	1	1	1	1
14.84	0.944	0.99999	1	1	1	1	1
14.85	0.94411	0.99999	1	1	1	1	1
14.86	0.94422	0.99999	1	1	1	1	1
14.87	0.94432	0.99999	1	1	1	1	1
14.88	0.94443	0.99999	1	1	1	1	1
14.89	0.94453	0.99999	1	1	1	1	1
14.9	0.94464	0.99999	1	1	1	1	1
14.91	0.94474	0.99999	1	1	1	1	1
14.92	0.94485	0.99999	1	1	1	1	1
14.93	0.94495	0.99999	1	1	1	1	1
14.94	0.94505	0.99999	1	1	1	1	1
14.95	0.94516	0.99999	1	1	1	1	1
14.96	0.94526	0.99999	1	1	1	1	1
14.97	0.94537	0.99999	1	1	1	1	1
14.98	0.94547	0.99999	1	1	1	1	1
14.99	0.94557	0.99999	1	1	1	1	1
15	0.94568	0.99999	1	1	1	1	1
15.01	0.94578	0.99999	1	1	1	1	1
15.02	0.94588	0.99999	1	1	1	1	1
15.03	0.94598	0.99999	1	1	1	1	1
15.04	0.94609	0.99999	1	1	1	1	1
15.05	0.94619	0.99999	1	1	1	1	1
15.06	0.94629	0.99999	1	1	1	1	1
15.07	0.94639	0.99999	1	1	1	1	1
15.08	0.94649	0.99999	1	1	1	1	1
15.09	0.94659	0.99999	1	1	1	1	1
15.1	0.9467	0.99999	1	1	1	1	1
15.11	0.9468	0.99999	1	1	1	1	1
15.12	0.9469	0.99999	1	1	1	1	1
15.13	0.947	0.99999	1	1	1	1	1
15.14	0.9471	0.99999	1	1	1	1	1
15.15	0.9472	0.99999	1	1	1	1	1
15.16	0.9473	0.99999	1	1	1	1	1
15.17	0.9474	0.99999	1	1	1	1	1
15.18	0.9475	0.99999	1	1	1	1	1
15.19	0.9476	0.99999	1	1	1	1	1
15.2	0.9477	0.99999	1	1	1	1	1
15.21	0.94779	0.99999	1	1	1	1	1
15.22	0.94789	0.99999	1	1	1	1	1
15.23	0.94799	0.99999	1	1	1	1	1
15.24	0.94809	0.99999	1	1	1	1	1
15.25	0.94819	0.99999	1	1	1	1	1
15.26	0.94829	0.99999	1	1	1	1	1
15.27	0.94838	0.99999	1	1	1	1	1
15.28	0.94848	0.99999	1	1	1	1	1
15.29	0.94858	0.99999	1	1	1	1	1
15.3	0.94868	0.99999	1	1	1	1	1
15.31	0.94877	0.99999	1	1	1	1	1
15.32	0.94887	0.99999	1	1	1	1	1
15.33	0.94897	0.99999	1	1	1	1	1
15.34	0.94906	0.99999	1	1	1	1	1
15.35	0.94916	0.99999	1	1	1	1	1
15.36	0.94926	0.99999	1	1	1	1	1
15.37	0.94935	0.99999	1	1	1	1	1
15.38	0.94945	0.99999	1	1	1	1	1
15.39	0.94954	0.99999	1	1	1	1	1
15.4	0.94964	0.99999	1	1	1	1	1
15.41	0.94974	0.99999	1	1	1	1	1
15.42	0.94983	0.99999	1	1	1	1	1
15.43	0.94993	0.99999	1	1	1	1	1
15.44	0.95002	0.99999	1	1	1	1	1
15.45	0.95012	0.99999	1	1	1	1	1
15.46	0.95021	0.99999	1	1	1	1	1
15.47	0.9503	0.99999	1	1	1	1	1
15.48	0.9504	0.99999	1	1	1	1	1
15.49	0.95049	0.99999	1	1	1	1	1
15.5	0.95059	0.99999	1	1	1	1	1
15.51	0.95068	0.99999	1	1	1	1	1
15.52	0.95077	0.99999	1	1	1	1	1
15.53	0.95087	0.99999	1	1	1	1	1
15.54	0.95096	0.99999	1	1	1	1	1
15.55	0.95105	0.99999	1	1	1	1	1
15.56	0.95114	0.99999	1	1	1	1	1
15.57	0.95124	0.99999	1	1	1	1	1
15.58	0.95133	0.99999	1	1	1	1	1
15.59	0.95142	0.99999	1	1	1	1	1
15.6	0.95151	0.99999	1	1	1	1	1
15.61	0.9516	0.99999	1	1	1	1	1
15.62	0.9517	0.99999	1	1	1	1	1
15.63	0.95179	0.99999	1	1	1	1	1
15.64	0.95188	0.99999	1	1	1	1	1
15.65	0.95197	0.99999	1	1	1	1	1
15.66	0.95206	0.99999	1	1	1	1	1
15.67	0.95215	0.99999	1	1	1	1	1
15.68	0.95224	0.99999	1	1	1	1	1
15.69	0.95233	0.99999	1	1	1	1	1
15.7	0.95242	0.99999	1	1	1	1	1
15.71	0.95251	0.99999	1	1	1	1	1
15.72	0.9526	0.99999	1	1	1	1	1
15.73	0.95269	0.99999	1	1	1	1	1
15.74	0.95278	0.99999	1	1	1	1	1
15.75	0.95287	0.99999	1	1	1	1	1
15.76	0.95296	1	1	1	1	1	1
15.77	0.95305	1	1	1	1	1	1
15.78	0.95314	1	1	1	1	1	1
15.79	0.95323	1	1	1	1	1	1
15.8	0.95332	1	1	1	1	1	1
15.81	0.9534	1	1	1	1	1	1
15.82	0.95349	1	1	1	1	1	1
15.83	0.95358	1	1	1	1	1	1
15.84	0.95367	1	1	1	1	1	1
15.85	0.95376	1	1	1	1	1	1
15.86	0.95384	1	1	1	1	1	1
15.87	0.95393	1	1	1	1	1	1
15.88	0.95402	1	1	1	1	1	1
15.89	0.95411	1	1	1	1	1	1
15.9	0.95419	1	1	1	1	1	1
15.91	0.95428	1	1	1	1	1	1
15.92	0.95437	1	1	1	1	1	1
15.93	0.95445	1	1	1	1	1	1
15.94	0.95454	1	1	1	1	1	1
15.95	0.95462	1	1	1	1	1	1
15.96	0.95471	1	1	1	1	1	1
15.97	0.9548	1	1	1	1	1	1
15.98	0.95488	1	1	1	1	1	1
15.99	0.95497	1	1	1	1	1	1
16	0.95505	1	1	1	1	1	1
16.01	0.95514	1	1	1	1	1	1
16.02	0.95522	1	1	1	1	1	1
16.03	0.95531	1	1	1	1	1	1
16.04	0.95539	1	1	1	1	1	1
16.05	0.95548	1	1	1	1	1	1
16.06	0.95556	1	1	1	1	1	1
16.07	0.95564	1	1	1	1	1	1
16.08	0.95573	1	1	1	1	1	1
16.09	0.95581	1	1	1	1	1	1
16.1	0.9559	1	1	1	1	1	1
16.11	0.95598	1	1	1	1	1	1
16.12	0.95606	1	1	1	1	1	1
16.13	0.95615	1	1	1	1	1	1
16.14	0.95623	1	1	1	1	1	1
16.15	0.95631	1	1	1	1	1	1
16.16	0.95639	1	1	1	1	1	1
16.17	0.95648	1	1	1	1	1	1
16.18	0.95656	1	1	1	1	1	1
16.19	0.95664	1	1	1	1	1	1
16.2	0.95672	1	1	1	1	1	1
16.21	0.95681	1	1	1	1	1	1
16.22	0.95689	1	1	1	1	1	1
16.23	0.95697	1	1	1	1	1	1
16.24	0.95705	1	1	1	1	1	1
16.25	0.95713	1	1	1	1	1	1
16.26	0.95721	1	1	1	1	1	1
16.27	0.95729	1	1	1	1	1	1
16.28	0.95737	1	1	1	1	1	1
16.29	0.95745	1	1	1	1	1	1
16.3	0.95754	1	1	1	1	1	1
16.31	0.95762	1	1	1	1	1	1
16.32	0.9577	1	1	1	1	1	1
16.33	0.95778	1	1	1	1	1	1
16.34	0.95786	1	1	1	1	1	1
16.35	0.95794	1	1	1	1	1	1
16.36	0.95802	1	1	1	1	1	1
16.37	0.95809	1	1	1	1	1	1
16.38	0.95817	1	1	1	1	1	1
16.39	0.95825	1	1	1	1	1	1
16.4	0.95833	1	1	1	1	1	1
16.41	0.95841	1	1	1	1	1	1
16.42	0.95849	1	1	1	1	1	1
16.43	0.95857	1	1	1	1	1	1
16.44	0.95865	1	1	1	1	1	1
16.45	0.95873	1	1	1	1	1	1
16.46	0.9588	1	1	1	1	1	1
16.47	0.95888	1	1	1	1	1	1
16.48	0.95896	1	1	1	1	1	1
16.49	0.95904	1	1	1	1	1	1
16.5	0.95911	1	1	1	1	1	1
16.51	0.95919	1	1	1	1	1	1
16.52	0.95927	1	1	1	1	1	1
16.53	0.95935	1	1	1	1	1	1
16.54	0.95942	1	1	1	1	1	1
16.55	0.9595	1	1	1	1	1	1
16.56	0.95958	1	1	1	1	1	1
16.57	0.95965	1	1	1	1	1	1
16.58	0.95973	1	1	1	1	1	1
16.59	0.95981	1	1	1	1	1	1
16.6	0.95988	1	1	1	1	1	1
16.61	0.95996	1	1	1	1	1	1
16.62	0.96003	1	1	1	1	1	1
16.63	0.96011	1	1	1	1	1	1
16.64	0.96018	1	1	1	1	1	1
16.65	0.96026	1	1	1	1	1	1
16.66	0.96034	1	1	1	1	1	1
16.67	0.96041	1	1	1	1	1	1
16.68	0.96049	1	1	1	1	1	1
16.69	0.96056	1	1	1	1	1	1
16.7	0.96063	1	1	1	1	1	1
16.71	0.96071	1	1	1	1	1	1
16.72	0.96078	1	1	1	1	1	1
16.73	0.96086	1	1	1	1	1	1
16.74	0.96093	1	1	1	1	1	1
16.75	0.96101	1	1	1	1	1	1
16.76	0.96108	1	1	1	1	1	1
16.77	0.96115	1	1	1	1	1	1
16.78	0.96123	1	1	1	1	1	1
16.79	0.9613	1	1	1	1	1	1
16.8	0.96137	1	1	1	1	1	1
16.81	0.96145	1	1	1	1	1	1
16.82	0.96152	1	1	1	1	1	1
16.83	0.96159	1	1	1	1	1	1
16.84	0.96167	1	1	1	1	1	1
16.85	0.96174	1	1	1	1	1	1
16.86	0.96181	1	1	1	1	1	1
16.87	0.96188	1	1	1	1	1	1
16.88	0.96195	1	1	1	1	1	1
16.89	0.96203	1	1	1	1	1	1
16.9	0.9621	1	1	1	1	1	1
16.91	0.96217	1	1	1	1	1	1
16.92	0.96224	1	1	1	1	1	1
16.93	0.96231	1	1	1	1	1	1
16.94	0.96238	1	1	1	1	1	1
16.95	0.96246	1	1	1	1	1	1
16.96	0.96253	1	1	1	1	1	1
16.97	0.9626	1	1	1	1	1	1
16.98	0.96267	1	1	1	1	1	1
16.99	0.96274	1	1	1	1	1	1
17	0.96281	1	1	1	1	1	1
17.01	0.96288	1	1	1	1	1	1
17.02	0.96295	1	1	1	1	1	1
17.03	0.96302	1	1	1	1	1	1
17.04	0.96309	1	1	1	1	1	1
17.05	0.96316	1	1	1	1	1	1
17.06	0.96323	1	1	1	1	1	1
17.07	0.9633	1	1	1	1	1	1
17.08	0.96337	1	1	1	1	1	1
17.09	0.96344	1	1	1	1	1	1
17.1	0.96351	1	1	1	1	1	1
17.11	0.96358	1	1	1	1	1	1
17.12	0.96365	1	1	1	1	1	1
17.13	0.96371	1	1	1	1	1	1
17.14	0.96378	1	1	1	1	1	1
17.15	0.96385	1	1	1	1	1	1
17.16	0.96392	1	1	1	1	1	1
17.17	0.96399	1	1	1	1	1	1
17.18	0.96406	1	1	1	1	1	1
17.19	0.96412	1	1	1	1	1	1
17.2	0.96419	1	1	1	1	1	1
17.21	0.96426	1	1	1	1	1	1
17.22	0.96433	1	1	1	1	1	1
17.23	0.9644	1	1	1	1	1	1
17.24	0.96446	1	1	1	1	1	1
17.25	0.96453	1	1	1	1	1	1
17.26	0.9646	1	1	1	1	1	1
17.27	0.96466	1	1	1	1	1	1
17.28	0.96473	1	1	1	1	1	1
17.29	0.9648	1	1	1	1	1	1
17.3	0.96486	1	1	1	1	1	1
17.31	0.96493	1	1	1	1	1	1
17.32	0.965	1	1	1	1	1	1
17.33	0.96506	1	1	1	1	1	1
17.34	0.96513	1	1	1	1	1	1
17.35	0.9652	1	1	1	1	1	1
17.36	0.96526	1	1	1	1	1	1
17.37	0.96533	1	1	1	1	1	1
17.38	0.96539	1	1	1	1	1	1
17.39	0.96546	1	1	1	1	1	1
17.4	0.96552	1	1	1	1	1	1
17.41	0.96559	1	1	1	1	1	1
17.42	0.96565	1	1	1	1	1	1
17.43	0.96572	1	1	1	1	1	1
17.44	0.96578	1	1	1	1	1	1
17.45	0.96585	1	1	1	1	1	1
17.46	0.96591	1	1	1	1	1	1
17.47	0.96598	1	1	1	1	1	1
17.48	0.96604	1	1	1	1	1	1
17.49	0.96611	1	1	1	1	1	1
17.5	0.96617	1	1	1	1	1	1
17.51	0.96624	1	1	1	1	1	1
17.52	0.9663	1	1	1	1	1	1
17.53	0.96636	1	1	1	1	1	1
17.54	0.96643	1	1	1	1	1	1
17.55	0.96649	1	1	1	1	1	1
17.56	0.96655	1	1	1	1	1	1
17.57	0.96662	1	1	1	1	1	1
17.58	0.96668	1	1	1	1	1	1
17.59	0.96674	1	1	1	1	1	1
17.6	0.96681	1	1	1	1	1	1
17.61	0.96687	1	1	1	1	1	1
17.62	0.96693	1	1	1	1	1	1
17.63	0.96699	1	1	1	1	1	1
17.64	0.96706	1	1	1	1	1	1
17.65	0.96712	1	1	1	1	1	1
17.66	0.96718	1	1	1	1	1	1
17.67	0.96724	1	1	1	1	1	1
17.68	0.96731	1	1	1	1	1	1
17.69	0.96737	1	1	1	1	1	1
17.7	0.96743	1	1	1	1	1	1
17.71	0.96749	1	1	1	1	1	1
17.72	0.96755	1	1	1	1	1	1
17.73	0.96761	1	1	1	1	1	1
17.74	0.96767	1	1	1	1	1	1
17.75	0.96774	1	1	1	1	1	1
17.76	0.9678	1	1	1	1	1	1
17.77	0.96786	1	1	1	1	1	1
17.78	0.96792	1	1	1	1	1	1
17.79	0.96798	1	1	1	1	1	1
17.8	0.96804	1	1	1	1	1	1
17.81	0.9681	1	1	1	1	1	1
17.82	0.96816	1	1	1	1	1	1
17.83	0.96822	1	1	1	1	1	1
17.84	0.96828	1	1	1	1	1	1
17.85	0.96834	1	1	1	1	1	1
17.86	0.9684	1	1	1	1	1	1
17.87	0.96846	1	1	1	1	1	1
17.88	0.96852	1	1	1	1	1	1
17.89	0.96858	1	1	1	1	1	1
17.9	0.96864	1	1	1	1	1	1
17.91	0.9687	1	1	1	1	1	1
17.92	0.96876	1	1	1	1	1	1
17.93	0.96882	1	1	1	1	1	1
17.94	0.96888	1	1	1	1	1	1
17.95	0.96894	1	1	1	1	1	1
17.96	0.96899	1	1	1	1	1	1
17.97	0.96905	1	1	1	1	1	1
17.98	0.96911	1	1	1	1	1	1
17.99	0.96917	1	1	1	1	1	1
18	0.96923	1	1	1	1	1	1
18.01	0.96929	1	1	1	1	1	1
18.02	0.96935	1	1	1	1	1	1
18.03	0.9694	1	1	1	1	1	1
18.04	0.96946	1	1	1	1	1	1
18.05	0.96952	1	1	1	1	1	1
18.06	0.96958	1	1	1	1	1	1
18.07	0.96963	1	1	1	1	1	1
18.08	0.96969	1	1	1	1	1	1
18.09	0.96975	1	1	1	1	1	1
18.1	0.96981	1	1	1	1	1	1
18.11	0.96986	1	1	1	1	1	1
18.12	0.96992	1	1	1	1	1	1
18.13	0.96998	1	1	1	1	1	1
18.14	0.97003	1	1	1	1	1	1
18.15	0.97009	1	1	1	1	1	1
18.16	0.97015	1	1	1	1	1	1
18.17	0.9702	1	1	1	1	1	1
18.18	0.97026	1	1	1	1	1	1
18.19	0.97032	1	1	1	1	1	1
18.2	0.97037	1	1	1	1	1	1
18.21	0.97043	1	1	1	1	1	1
18.22	0.97048	1	1	1	1	1	1
18.23	0.97054	1	1	1	1	1	1
18.24	0.9706	1	1	1	1	1	1
18.25	0.97065	1	1	1	1	1	1
18.26	0.97071	1	1	1	1	1	1
18.27	0.97076	1	1	1	1	1	1
18.28	0.97082	1	1	1	1	1	1
18.29	0.97087	1	1	1	1	1	1
18.3	0.97093	1	1	1	1	1	1
18.31	0.97098	1	1	1	1	1	1
18.32	0.97104	1	1	1	1	1	1
18.33	0.97109	1	1	1	1	1	1
18.34	0.97115	1	1	1	1	1	1
18.35	0.9712	1	1	1	1	1	1
18.36	0.97126	1	1	1	1	1	1
18.37	0.97131	1	1	1	1	1	1
18.38	0.97137	1	1	1	1	1	1
18.39	0.97142	1	1	1	1	1	1
18.4	0.97147	1	1	1	1	1	1
18.41	0.97153	1	1	1	1	1	1
18.42	0.97158	1	1	1	1	1	1
18.43	0.97164	1	1	1	1	1	1
18.44	0.97169	1	1	1	1	1	1
18.45	0.97174	1	1	1	1	1	1
18.46	0.9718	1	1	1	1	1	1
18.47	0.97185	1	1	1	1	1	1
18.48	0.9719	1	1	1	1	1	1
18.49	0.97196	1	1	1	1	1	1
18.5	0.97201	1	1	1	1	1	1
18.51	0.97206	1	1	1	1	1	1
18.52	0.97212	1	1	1	1	1	1
18.53	0.97217	1	1	1	1	1	1
18.54	0.97222	1	1	1	1	1	1
18.55	0.97227	1	1	1	1	1	1
18.56	0.97233	1	1	1	1	1	1
18.57	0.97238	1	1	1	1	1	1
18.58	0.97243	1	1	1	1	1	1
18.59	0.97248	1	1	1	1	1	1
18.6	0.97254	1	1	1	1	1	1
18.61	0.97259	1	1	1	1	1	1
18.62	0.97264	1	1	1	1	1	1
18.63	0.97269	1	1	1	1	1	1
18.64	0.97274	1	1	1	1	1	1
18.65	0.97279	1	1	1	1	1	1
18.66	0.97285	1	1	1	1	1	1
18.67	0.9729	1	1	1	1	1	1
18.68	0.97295	1	1	1	1	1	1
18.69	0.973	1	1	1	1	1	1
18.7	0.97305	1	1	1	1	1	1
18.71	0.9731	1	1	1	1	1	1
18.72	0.97315	1	1	1	1	1	1
18.73	0.9732	1	1	1	1	1	1
18.74	0.97325	1	1	1	1	1	1
18.75	0.9733	1	1	1	1	1	1
18.76	0.97336	1	1	1	1	1	1
18.77	0.97341	1	1	1	1	1	1
18.78	0.97346	1	1	1	1	1	1
18.79	0.97351	1	1	1	1	1	1
18.8	0.97356	1	1	1	1	1	1
18.81	0.97361	1	1	1	1	1	1
18.82	0.97366	1	1	1	1	1	1
18.83	0.97371	1	1	1	1	1	1
18.84	0.97376	1	1	1	1	1	1
18.85	0.97381	1	1	1	1	1	1
18.86	0.97386	1	1	1	1	1	1
18.87	0.9739	1	1	1	1	1	1
18.88	0.97395	1	1	1	1	1	1
18.89	0.974	1	1	1	1	1	1
18.9	0.97405	1	1	1	1	1	1
18.91	0.9741	1	1	1	1	1	1
18.92	0.97415	1	1	1	1	1	1
18.93	0.9742	1	1	1	1	1	1
18.94	0.97425	1	1	1	1	1	1
18.95	0.9743	1	1	1	1	1	1
18.96	0.97435	1	1	1	1	1	1
18.97	0.97439	1	1	1	1	1	1
18.98	0.97444	1	1	1	1	1	1
18.99	0.97449	1	1	1	1	1	1
19	0.97454	1	1	1	1	1	1
19.01	0.97459	1	1	1	1	1	1
19.02	0.97464	1	1	1	1	1	1
19.03	0.97468	1	1	1	1	1	1
19.04	0.97473	1	1	1	1	1	1
19.05	0.97478	1	1	1	1	1	1
19.06	0.97483	1	1	1	1	1	1
19.07	0.97488	1	1	1	1	1	1
19.08	0.97492	1	1	1	1	1	1
19.09	0.97497	1	1	1	1	1	1
19.1	0.97502	1	1	1	1	1	1
19.11	0.97506	1	1	1	1	1	1
19.12	0.97511	1	1	1	1	1	1
19.13	0.97516	1	1	1	1	1	1
19.14	0.97521	1	1	1	1	1	1
19.15	0.97525	1	1	1	1	1	1
19.16	0.9753	1	1	1	1	1	1
19.17	0.97535	1	1	1	1	1	1
19.18	0.97539	1	1	1	1	1	1
19.19	0.97544	1	1	1	1	1	1
19.2	0.97549	1	1	1	1	1	1
19.21	0.97553	1	1	1	1	1	1
19.22	0.97558	1	1	1	1	1	1
19.23	0.97563	1	1	1	1	1	1
19.24	0.97567	1	1	1	1	1	1
19.25	0.97572	1	1	1	1	1	1
19.26	0.97576	1	1	1	1	1	1
19.27	0.97581	1	1	1	1	1	1
19.28	0.97586	1	1	1	1	1	1
19.29	0.9759	1	1	1	1	1	1
19.3	0.97595	1	1	1	1	1	1
19.31	0.97599	1	1	1	1	1	1
19.32	0.97604	1	1	1	1	1	1
19.33	0.97608	1	1	1	1	1	1
19.34	0.97613	1	1	1	1	1	1
19.35	0.97617	1	1	1	1	1	1
19.36	0.97622	1	1	1	1	1	1
19.37	0.97626	1	1	1	1	1	1
19.38	0.97631	1	1	1	1	1	1
19.39	0.97635	1	1	1	1	1	1
19.4	0.9764	1	1	1	1	1	1
19.41	0.97644	1	1	1	1	1	1
19.42	0.97649	1	1	1	1	1	1
19.43	0.97653	1	1	1	1	1	1
19.44	0.97658	1	1	1	1	1	1
19.45	0.97662	1	1	1	1	1	1
19.46	0.97666	1	1	1	1	1	1
19.47	0.97671	1	1	1	1	1	1
19.48	0.97675	1	1	1	1	1	1
19.49	0.9768	1	1	1	1	1	1
19.5	0.97684	1	1	1	1	1	1
19.51	0.97688	1	1	1	1	1	1
19.52	0.97693	1	1	1	1	1	1
19.53	0.97697	1	1	1	1	1	1
19.54	0.97702	1	1	1	1	1	1
19.55	0.97706	1	1	1	1	1	1
19.56	0.9771	1	1	1	1	1	1
19.57	0.97715	1	1	1	1	1	1
19.58	0.97719	1	1	1	1	1	1
19.59	0.97723	1	1	1	1	1	1
19.6	0.97728	1	1	1	1	1	1
19.61	0.97732	1	1	1	1	1	1
19.62	0.97736	1	1	1	1	1	1
19.63	0.9774	1	1	1	1	1	1
19.64	0.97745	1	1	1	1	1	1
19.65	0.97749	1	1	1	1	1	1
19.66	0.97753	1	1	1	1	1	1
19.67	0.97757	1	1	1	1	1	1
19.68	0.97762	1	1	1	1	1	1
19.69	0.97766	1	1	1	1	1	1
19.7	0.9777	1	1	1	1	1	1
19.71	0.97774	1	1	1	1	1	1
19.72	0.97779	1	1	1	1	1	1
19.73	0.97783	1	1	1	1	1	1
19.74	0.97787	1	1	1	1	1	1
19.75	0.97791	1	1	1	1	1	1
19.76	0.97795	1	1	1	1	1	1
19.77	0.978	1	1	1	1	1	1
19.78	0.97804	1	1	1	1	1	1
19.79	0.97808	1	1	1	1	1	1
19.8	0.97812	1	1	1	1	1	1
19.81	0.97816	1	1	1	1	1	1
19.82	0.9782	1	1	1	1	1	1
19.83	0.97824	1	1	1	1	1	1
19.84	0.97829	1	1	1	1	1	1
19.85	0.97833	1	1	1	1	1	1
19.86	0.97837	1	1	1	1	1	1
19.87	0.97841	1	1	1	1	1	1
19.88	0.97845	1	1	1	1	1	1
19.89	0.97849	1	1	1	1	1	1
19.9	0.97853	1	1	1	1	1	1
19.91	0.97857	1	1	1	1	1	1
19.92	0.97861	1	1	1	1	1	1
19.93	0.97865	1	1	1	1	1	1
19.94	0.97869	1	1	1	1	1	1
19.95	0.97873	1	1	1	1	1	1
19.96	0.97877	1	1	1	1	1	1
19.97	0.97881	1	1	1	1	1	1
19.98	0.97885	1	1	1	1	1	1
19.99	0.97889	1	1	1	1	1	1
20	0.97893	1	1	1	1	1	1
